0.0 0.0 1.0 0.0 -0.4845926535897931
0.12566370614359174 0.12533323356430426 0.9921147013144779 0.12566370614359174 -0.35003327729261235
0.25132741228718347 0.2486898871648548 0.9685831611286311 0.25132741228718347 -0.2581627323413158
0.37699111843077515 0.3681245526846779 0.9297764858882515 0.37699111843077515 -0.20909414449552377
0.5026548245743669 0.4817536741017153 0.8763066800438636 0.5026548245743669 -0.20226562708265478
0.6283185307179586 0.5877852522924731 0.8090169943749475 0.6283185307179586 -0.23644914228640623
0.7539822368615503 0.6845471059286886 0.7289686274214116 0.7539822368615503 -0.3097698680367087
0.8796459430051422 0.7705132427757893 0.6374239897486896 0.8796459430051422 -0.4197357650737381
1.0053096491487339 0.8443279255020151 0.5358267949789965 1.0053096491487339 -0.5632768778957139
1.1309733552923256 0.9048270524660196 0.42577929156507266 1.1309733552923256 -0.7367937497910667
1.2566370614359172 0.9510565162951535 0.30901699437494745 1.2566370614359172 -0.9362141884209876
1.382300767579509 0.9822872507286886 0.18738131458572474 1.382300767579509 -1.1570574867252246
1.5079644737231006 0.9980267284282716 0.06279051952931353 1.5079644737231006 -1.3945050863490636
1.6336281798666925 0.9980267284282716 -0.0627905195293134 1.6336281798666925 -1.6434765691870545
1.7592918860102844 0.9822872507286886 -0.18738131458572482 1.7592918860102844 -1.898709778611423
1.8849555921538759 0.9510565162951536 -0.30901699437494734 1.8849555921538759 -2.1548438068255535
2.0106192982974678 0.9048270524660195 -0.4257792915650727 2.0106192982974678 -2.4065035395823973
2.1362830044410597 0.844327925502015 -0.5358267949789969 2.1362830044410597 -2.648384424947075
2.261946710584651 0.7705132427757893 -0.6374239897486897 2.261946710584651 -2.8753361292496864
2.3876104167282426 0.6845471059286888 -0.7289686274214113 2.3876104167282426 -3.0824437609239386
2.5132741228718345 0.5877852522924732 -0.8090169943749473 2.5132741228718345 -3.265105381283164
2.638937829015426 0.4817536741017156 -0.8763066800438635 2.638937829015426 -3.4191045798424717
2.764601535159018 0.36812455268467814 -0.9297764858882513 2.764601535159018 -3.540676969630856
2.8902652413026098 0.24868988716485482 -0.9685831611286311 2.8902652413026098 -3.6265695538224634
3.015928947446201 0.12533323356430454 -0.9921147013144778 3.015928947446201 -3.674092027439788
3.141592653589793 1.2246467991473532E-16 -1.0 3.141592653589793 -3.6811592050702724
3.267256359733385 -0.12533323356430429 -0.9921147013144779 3.267256359733385 -3.6463239054858914
3.392920065876977 -0.24868988716485502 -0.9685831611286311 3.392920065876977 -3.5687997745556266
3.518583772020569 -0.3681245526846783 -0.9297764858882512 3.518583772020569 -3.448473686519857
3.64424747816416 -0.481753674101715 -0.8763066800438637 3.64424747816416 -3.2859075280511636
3.7699111843077517 -0.587785252292473 -0.8090169943749475 3.7699111843077517 -3.082329336965851
3.8955748904513436 -0.6845471059286887 -0.7289686274214116 3.8955748904513436 -2.839613935333987
4.0212385965949355 -0.7705132427757894 -0.6374239897486895 4.0212385965949355 -2.5602533624153954
4.1469023027385274 -0.8443279255020153 -0.5358267949789963 4.1469023027385274 -2.2473175737118574
4.272566008882119 -0.9048270524660198 -0.42577929156507216 4.272566008882119 -1.9044060259349425
4.39822971502571 -0.9510565162951535 -0.30901699437494756 4.39822971502571 -1.535590911423462
4.523893421169302 -0.9822872507286887 -0.18738131458572463 4.523893421169302 -1.145352937237663
4.649557127312894 -0.9980267284282716 -0.06279051952931321 4.649557127312894 -0.7385106617322612
4.775220833456485 -0.9980267284282716 0.06279051952931283 4.775220833456485 -0.320144503012711
4.900884539600077 -0.9822872507286887 0.18738131458572427 4.900884539600077 0.1044833822932194
5.026548245743669 -0.9510565162951536 0.30901699437494723 5.026548245743669 0.5300120863889131
5.15221195188726 -0.9048270524660199 0.4257792915650718 5.15221195188726 0.9510664950273151
5.277875658030852 -0.8443279255020155 0.535826794978996 5.277875658030852 1.362342056273555
5.403539364174444 -0.7705132427757896 0.6374239897486893 5.403539364174444 1.7586884364577284
5.529203070318036 -0.684547105928689 0.7289686274214112 5.529203070318036 2.1351907440135434
5.654866776461628 -0.5877852522924734 0.8090169943749473 5.654866776461628 2.487247040254332
5.7805304826052195 -0.4817536741017153 0.8763066800438636 5.7805304826052195 2.8106409146952016
5.9061941887488105 -0.3681245526846787 0.9297764858882511 5.9061941887488105 3.1016079803651455
6.031857894892402 -0.24868988716485535 0.968583161128631 6.031857894892402 3.3568952404383157
6.157521601035994 -0.12533323356430465 0.9921147013144778 6.157521601035994 3.5738123899372023
