0.0 0.0 1.0 0.0 -0.4845926535897931
0.006283185307179587 0.006283143965558951 0.9999802608561371 0.006283185307179587 -0.4768602572574568
0.012566370614359173 0.012566039883352607 0.9999210442038161 0.012566370614359173 -0.4692328928120812
0.01884955592153876 0.018848439715408175 0.999822352380809 0.01884955592153876 -0.46171069418366084
0.025132741228718346 0.02513009544333748 0.9996841892832999 0.025132741228718346 -0.45429379115042307
0.031415926535897934 0.03141075907812829 0.9995065603657316 0.031415926535897934 -0.44698230933370653
0.03769911184307752 0.03769018266993454 0.9992894726405892 0.03769911184307752 -0.439776370193
0.0439822971502571 0.0439681183178649 0.9990329346781247 0.0439822971502571 -0.43267609102114896
0.05026548245743669 0.050244318179769556 0.9987369566060175 0.05026548245743669 -0.4256815849397225
0.05654866776461627 0.05651853448202452 0.998401550108975 0.05654866776461627 -0.4187929608945513
0.06283185307179587 0.06279051952931337 0.9980267284282716 0.06283185307179587 -0.41201032365142326
0.06911503837897544 0.06906002571440578 0.9976125063612252 0.06911503837897544 -0.40533377379194857
0.07539822368615504 0.07532680552793272 0.9971589002606139 0.07539822368615504 -0.3987634077095912
0.08168140899333462 0.08159061156815754 0.9966659280340299 0.08168140899333462 -0.3922993176058592
0.0879645943005142 0.08785119655074317 0.9961336091431725 0.0879645943005142 -0.3859415914866672
0.09424777960769379 0.09410831331851431 0.99556196460308 0.09424777960769379 -0.37969031315886337
0.10053096491487339 0.1003617148512149 0.9949510169813002 0.10053096491487339 -0.37354556222691776
0.10681415022205297 0.10661115427525991 0.9943007903969989 0.10681415022205297 -0.36750741408978105
0.11309733552923254 0.11285638487348167 0.9936113105200084 0.11309733552923254 -0.3615759399379108
0.11938052083641214 0.11909716009486973 0.9928826045698137 0.11938052083641214 -0.35575120675045496
0.12566370614359174 0.12533323356430426 0.9921147013144779 0.12566370614359174 -0.35003327729261235
0.13194689145077132 0.1315643590922825 0.9913076310695066 0.13194689145077132 -0.3444222101131546
0.13823007675795088 0.13779029068463805 0.9904614256966512 0.13823007675795088 -0.33891805954211157
0.1445132620651305 0.14401078255225216 0.9895761186026509 0.1445132620651305 -0.3335208756886293
0.15079644737231007 0.15022558912075706 0.9886517447379141 0.15079644737231007 -0.32823070443899066
0.15707963267948966 0.15643446504023087 0.9876883405951378 0.15707963267948966 -0.32304758745480533
0.16336281798666924 0.16263716519488358 0.986685944207868 0.16336281798666924 -0.31797156217136335
0.16964600329384882 0.16883344471273387 0.985644595148998 0.16964600329384882 -0.3130026617961565
0.1759291886010284 0.17502305897527604 0.9845643345292053 0.1759291886010284 -0.30814091530757026
0.18221237390820802 0.18120576362713736 0.9834452049953297 0.18221237390820802 -0.30338634745373716
0.18849555921538758 0.1873813145857246 0.9822872507286887 0.18849555921538758 -0.29873897875156125
0.19477874452256716 0.19354946805086023 0.9810905174433341 0.19477874452256716 -0.29419882548590803
0.20106192982974677 0.19970998051440703 0.9798550523842469 0.20106192982974677 -0.28976589970895994
0.20734511513692636 0.20586260876988133 0.9785809043254721 0.20734511513692636 -0.28544020923974267
0.21362830044410594 0.21200710992205463 0.9772681235681935 0.21362830044410594 -0.28122175766381496
0.21991148575128555 0.21814324139654256 0.9759167619387474 0.21991148575128555 -0.2771105443331284
0.22619467105846508 0.22427076094938114 0.9745268727865771 0.22619467105846508 -0.2731065643660519
0.2324778563656447 0.23038942667659057 0.9730985109821265 0.2324778563656447 -0.2692098086475647
0.23876104167282428 0.23649899702372468 0.971631732914674 0.23876104167282428 -0.26542026382961625
0.24504422698000386 0.2425992307954074 0.9701265964901058 0.24504422698000386 -0.2617379123316542
0.25132741228718347 0.2486898871648548 0.9685831611286311 0.25132741228718347 -0.2581627323413158
0.25761059759436306 0.25477072568338216 0.967001487762435 0.25761059759436306 -0.2546946978152916
0.26389378290154264 0.26084150628989694 0.9653816388332739 0.26389378290154264 -0.25133377848035277
0.27017696820872217 0.2669019893203755 0.9637236782900097 0.27017696820872217 -0.24807993983454615
0.27646015351590175 0.27295193551732516 0.9620276715860859 0.27646015351590175 -0.24493314314855627
0.2827433388230814 0.2789911060392293 0.9602936856769431 0.2827433388230814 -0.24189334546723398
0.289026524130261 0.2850192624699761 0.9585217890173758 0.289026524130261 -0.23896049961129348
0.29530970943744056 0.2910361668282718 0.9567120515588304 0.29530970943744056 -0.23613455417917179
0.30159289474462014 0.2970415815770349 0.954864544746643 0.30159289474462014 -0.23341545354906437
0.3078760800517997 0.30303526963277394 0.9529793415172189 0.3078760800517997 -0.23080313788111192
0.3141592653589793 0.3090169943749474 0.9510565162951535 0.3141592653589793 -0.22829754311977274
0.3204424506661589 0.3149865196553048 0.9490961449902946 0.3204424506661589 -0.22589860099634185
0.3267256359733385 0.3209436098072095 0.9470983049947443 0.3267256359733385 -0.22360623903165397
0.33300882128051806 0.32688802965494246 0.9450630751798048 0.33300882128051806 -0.2214203805389397
0.33929200658769765 0.3328195445229866 0.9429905358928645 0.33929200658769765 -0.21934094462685605
0.34557519189487723 0.33873792024529137 0.9408807689542255 0.34557519189487723 -0.2173678462026791
0.3518583772020568 0.34464292317451706 0.9387338576538741 0.3518583772020568 -0.21550099597566114
0.35814156250923646 0.350534320191259 0.9365498867481923 0.35814156250923646 -0.21374030046055945
0.36442474781641604 0.35641187871325075 0.934328942456612 0.36442474781641604 -0.21208566198132378
0.37070793312359557 0.36227536670454563 0.932071112458211 0.37070793312359557 -0.21053697867495474
0.37699111843077515 0.3681245526846779 0.9297764858882515 0.37699111843077515 -0.20909414449552377
0.38327430373795474 0.3739592057378004 0.9274451533346614 0.38327430373795474 -0.2077570492183593
0.3895574890451343 0.37977909552180106 0.925077206834458 0.3895574890451343 -0.20652557844440006
0.39584067435231396 0.38558399227739654 0.9226727398701148 0.39584067435231396 -0.20539961360470943
0.40212385965949354 0.3913736668372024 0.9202318473658704 0.40212385965949354 -0.20437903196515766
0.4084070449666731 0.3971478906347806 0.9177546256839811 0.4084070449666731 -0.20346370663126656
0.4146902302738527 0.40290643571366264 0.9152411726209175 0.4146902302738527 -0.20265350655321895
0.4209734155810323 0.40864907473634904 0.9126915874035028 0.4209734155810323 -0.20194829653103347
0.4272566008882119 0.41437558099328414 0.9101059706849957 0.4272566008882119 -0.20134793721989963
0.43353978619539146 0.42008572841180625 0.9074844245411169 0.43353978619539146 -0.20085228513568137
0.4398229715025711 0.4257792915650727 0.9048270524660195 0.4398229715025711 -0.20046119266058027
0.4461061568097506 0.4314560456809589 0.9021339593682028 0.4461061568097506 -0.20017450804896436
0.45238934211693016 0.4371157666509328 0.8994052515663711 0.45238934211693016 -0.19999207543335717
0.45867252742410974 0.44275823103890144 0.8966410367852359 0.45867252742410974 -0.1999137348305921
0.4649557127312894 0.44838321609003223 0.8938414241512638 0.4649557127312894 -0.19993932214812782
0.47123889803846897 0.45399049973954675 0.8910065241883679 0.47123889803846897 -0.20006866919052763
0.47752208334564855 0.4595798606214878 0.8881364488135446 0.47752208334564855 -0.20030160366609734
0.48380526865282814 0.4651510780774583 0.8852313113324553 0.48380526865282814 -0.20063794919368938
0.4900884539600077 0.4707039321653325 0.8822912264349533 0.4900884539600077 -0.20107752530966422
0.4963716392671873 0.47623820366793906 0.8793163101905562 0.4963716392671873 -0.2016201474750156
0.5026548245743669 0.4817536741017153 0.8763066800438636 0.5026548245743669 -0.20226562708265478
0.5089380098815465 0.4872501257253323 0.8732624548099202 0.5089380098815465 -0.20301377146486016
0.5152211951887261 0.49272734154829156 0.8701837546695257 0.5152211951887261 -0.20386438390087724
0.5215043804959056 0.4981851053394908 0.86707070116449 0.5215043804959056 -0.20481726362469077
0.5277875658030853 0.5036232016357608 0.8639234171928353 0.5277875658030853 -0.20587220583294547
0.5340707511102649 0.5090414157503713 0.8607420270039436 0.5340707511102649 -0.20702900169303634
0.5403539364174443 0.5144395337815064 0.8575266561936523 0.5403539364174443 -0.20828743835135027
0.546637121724624 0.5198173426207094 0.8542774316992952 0.546637121724624 -0.2096472989416685
0.5529203070318035 0.5251746299612956 0.850994481794692 0.5529203070318035 -0.21110836259372928
0.5592034923389831 0.530511184306734 0.8476779360850832 0.5592034923389831 -0.21267040444194762
0.5654866776461628 0.5358267949789967 0.8443279255020151 0.5654866776461628 -0.21433319563429248
0.5717698629533423 0.5411212521268758 0.8409445822981692 0.5717698629533423 -0.2160965033413202
0.578053048260522 0.5463943467342691 0.8375280400421418 0.578053048260522 -0.21796009076536865
0.5843362335677015 0.5516458706284302 0.8340784336131712 0.5843362335677015 -0.21992371714990339
0.5906194188748811 0.556875616488188 0.8305958991958127 0.5906194188748811 -0.2219871377890229
0.5969026041820606 0.5620833778521306 0.8270805742745618 0.5969026041820606 -0.22415010403711966
0.6031857894892403 0.5672689491267565 0.8235325976284275 0.6031857894892403 -0.22641236331869613
0.6094689747964199 0.5724321255945909 0.8199521093254523 0.6094689747964199 -0.22877365913833542
0.6157521601035995 0.5775727034222676 0.8163392507171839 0.6157521601035995 -0.2312337310908283
0.6220353454107791 0.5826904796685761 0.812694164433094 0.6220353454107791 -0.23379231487145202
0.6283185307179586 0.5877852522924731 0.8090169943749475 0.6283185307179586 -0.23644914228640623
0.6346017160251383 0.5928568201610592 0.8053078857111219 0.6346017160251383 -0.23920394126340072
0.6408849013323178 0.5979049830575188 0.8015669848708766 0.6408849013323178 -0.24205643586239378
0.6471680866394973 0.6029295416890247 0.7977944395385711 0.6471680866394973 -0.24500634628648943
0.653451271946677 0.6079302976946054 0.7939903986478354 0.653451271946677 -0.24805338889298228
0.6597344572538565 0.6129070536529764 0.7901550123756904 0.6597344572538565 -0.25119727620455273
0.6660176425610361 0.6178596130903343 0.7862884321366189 0.6660176425610361 -0.25443771692061923
0.6723008278682158 0.6227877804881126 0.7823908105765881 0.6723008278682158 -0.25777441592883743
0.6785840131753953 0.6276913612907005 0.7784623015670235 0.6785840131753953 -0.2612070743167496
0.6848671984825749 0.6325701619131244 0.7745030601987338 0.6848671984825749 -0.26473538938358626
0.6911503837897545 0.6374239897486896 0.7705132427757893 0.6911503837897545 -0.2683590546522167
0.6974335690969341 0.6422526531765844 0.7664930068093498 0.6974335690969341 -0.27207775988124694
0.7037167544041136 0.6470559615694442 0.7624425110114479 0.7037167544041136 -0.27589119107726756
0.7099999397112933 0.6518337253008788 0.7583619152887219 0.7099999397112933 -0.27979903050725097
0.7162831250184729 0.6565857557529565 0.7542513807361038 0.7162831250184729 -0.2838009567110939
0.7225663103256524 0.6613118653236518 0.7501110696304596 0.7225663103256524 -0.287896644514309
0.7288494956328321 0.6660118674342517 0.7459411454241821 0.7288494956328321 -0.29208576504086003
0.7351326809400116 0.67068557653672 0.7417417727387392 0.7351326809400116 -0.29636798572614875
0.7414158662471911 0.6753328081210244 0.7375131173581739 0.7414158662471911 -0.3007429703301393
0.7476990515543708 0.6799533787224192 0.7332553462225601 0.7476990515543708 -0.3052103789506383
0.7539822368615503 0.6845471059286886 0.7289686274214116 0.7539822368615503 -0.3097698680367087
0.7602654221687299 0.6891138083873485 0.7246531301870467 0.7602654221687299 -0.3144210904022342
0.7665486074759095 0.6936533058128049 0.7203090248879069 0.7665486074759095 -0.3191636952396265
0.7728317927830891 0.6981654189934726 0.7159364830218312 0.7728317927830891 -0.32399732813367366
0.7791149780902686 0.7026499697988492 0.7115356772092855 0.7791149780902686 -0.3289216310755311
0.7853981633974483 0.7071067811865475 0.7071067811865476 0.7853981633974483 -0.3339362424768567
0.7916813487046279 0.7115356772092853 0.7026499697988492 0.7916813487046279 -0.3390407971840851
0.7979645340118074 0.7159364830218311 0.6981654189934727 0.7979645340118074 -0.3442349264928435
0.8042477193189871 0.7203090248879069 0.6936533058128049 0.8042477193189871 -0.3495182581625057
0.8105309046261666 0.7246531301870466 0.6891138083873485 0.8105309046261666 -0.3548904164308906
0.8168140899333463 0.7289686274214116 0.6845471059286887 0.8168140899333463 -0.3603510220290942
0.8230972752405258 0.73325534622256 0.6799533787224192 0.8230972752405258 -0.36589969219646445
0.8293804605477054 0.7375131173581739 0.6753328081210245 0.8293804605477054 -0.3715360406957092
0.8356636458548851 0.7417417727387392 0.67068557653672 0.8356636458548851 -0.37725967782814784
0.8419468311620646 0.7459411454241821 0.6660118674342517 0.8419468311620646 -0.3830702104490923
0.8482300164692442 0.7501110696304596 0.6613118653236518 0.8482300164692442 -0.38896724198336974
0.8545132017764238 0.7542513807361038 0.6565857557529564 0.8545132017764238 -0.3949503724409795
0.8607963870836034 0.7583619152887219 0.6518337253008787 0.8607963870836034 -0.4010191984328819
0.8670795723907829 0.7624425110114479 0.6470559615694443 0.8670795723907829 -0.40717331318692385
0.8733627576979626 0.7664930068093498 0.6422526531765843 0.8733627576979626 -0.41341230656389905
0.8796459430051422 0.7705132427757893 0.6374239897486896 0.8796459430051422 -0.4197357650737381
0.8859291283123216 0.7745030601987338 0.6325701619131245 0.8859291283123216 -0.4261432718918319
0.8922123136195012 0.7784623015670233 0.6276913612907006 0.8922123136195012 -0.4326344068754898
0.8984954989266808 0.7823908105765881 0.6227877804881126 0.8984954989266808 -0.4392087465805229
0.9047786842338603 0.7862884321366188 0.6178596130903344 0.9047786842338603 -0.44586586427796293
0.91106186954104 0.7901550123756903 0.6129070536529766 0.91106186954104 -0.4526053299709083
0.9173450548482195 0.7939903986478353 0.6079302976946055 0.9173450548482195 -0.4594267104114994
0.9236282401553991 0.797794439538571 0.6029295416890248 0.9236282401553991 -0.4663295691180225
0.9299114254625788 0.8015669848708765 0.5979049830575189 0.9299114254625788 -0.4733134663921421
0.9361946107697583 0.8053078857111219 0.5928568201610593 0.9361946107697583 -0.4803779593362575
0.9424777960769379 0.8090169943749475 0.5877852522924731 0.9424777960769379 -0.4875226018709903
0.9487609813841175 0.8126941644330938 0.5826904796685761 0.9487609813841175 -0.494746944752793
0.9550441666912971 0.8163392507171839 0.5775727034222676 0.9550441666912971 -0.5020505355916848
0.9613273519984766 0.8199521093254523 0.572432125594591 0.9613273519984766 -0.5094329188691109
0.9676105373056563 0.8235325976284275 0.5672689491267565 0.9676105373056563 -0.5168936359559271
0.9738937226128359 0.8270805742745618 0.5620833778521306 0.9738937226128359 -0.5244322251305036
0.9801769079200154 0.8305958991958126 0.5568756164881881 0.9801769079200154 -0.5320482215969528
0.9864600932271951 0.8340784336131711 0.5516458706284302 0.9864600932271951 -0.5397411575034827
0.9927432785343746 0.8375280400421417 0.5463943467342691 0.9927432785343746 -0.5475105619608615
0.9990264638415542 0.840944582298169 0.5411212521268759 0.9990264638415542 -0.5553559610610109
1.0053096491487339 0.8443279255020151 0.5358267949789965 1.0053096491487339 -0.5632768778957139
1.0115928344559133 0.8476779360850831 0.5305111843067342 1.0115928344559133 -0.5712728325754431
1.017876019763093 0.8509944817946918 0.5251746299612957 1.017876019763093 -0.5793433422483051
1.0241592050702726 0.8542774316992952 0.5198173426207094 1.0241592050702726 -0.5874879211191029
1.0304423903774522 0.8575266561936523 0.5144395337815064 1.0304423903774522 -0.5957060804685141
1.0367255756846319 0.8607420270039436 0.5090414157503712 1.0367255756846319 -0.6039973286723865
1.0430087609918113 0.8639234171928353 0.5036232016357609 1.0430087609918113 -0.6123611712211436
1.049291946298991 0.86707070116449 0.49818510533949084 1.049291946298991 -0.6207971107393091
1.0555751316061706 0.8701837546695257 0.49272734154829156 1.0555751316061706 -0.6293046470051412
1.0618583169133502 0.8732624548099202 0.4872501257253322 1.0618583169133502 -0.6378832769703823
1.0681415022205298 0.8763066800438637 0.48175367410171516 1.0681415022205298 -0.646532494780116
1.0744246875277093 0.8793163101905562 0.4762382036679391 1.0744246875277093 -0.6552517917927386
1.0807078728348887 0.8822912264349532 0.47070393216533274 1.0807078728348887 -0.6640406566000406
1.0869910581420683 0.8852313113324551 0.4651510780774585 1.0869910581420683 -0.6728985750473947
1.093274243449248 0.8881364488135445 0.4595798606214879 1.093274243449248 -0.6818250302540537
1.0995574287564276 0.8910065241883678 0.45399049973954686 1.0995574287564276 -0.6908195026335573
1.105840614063607 0.8938414241512637 0.44838321609003245 1.105840614063607 -0.6998814699142418
1.1121237993707866 0.8966410367852358 0.44275823103890166 1.1121237993707866 -0.7090104071598629
1.1184069846779663 0.899405251566371 0.437115766650933 1.1184069846779663 -0.7182057867903155
1.124690169985146 0.9021339593682028 0.431456045680959 1.124690169985146 -0.7274670786024622
1.1309733552923256 0.9048270524660196 0.42577929156507266 1.1309733552923256 -0.7367937497910667
1.137256540599505 0.9074844245411169 0.4200857284118064 1.137256540599505 -0.7461852649698262
1.1435397259066846 0.9101059706849957 0.41437558099328425 1.1435397259066846 -0.755641086192509
1.1498229112138643 0.9126915874035028 0.4086490747363491 1.1498229112138643 -0.7651606729741899
1.156106096521044 0.9152411726209175 0.4029064357136627 1.156106096521044 -0.7747434823125893
1.1623892818282235 0.9177546256839811 0.39714789063478056 1.1623892818282235 -0.7843889687095091
1.168672467135403 0.9202318473658703 0.39137366683720254 1.168672467135403 -0.7940965841923674
1.1749556524425826 0.9226727398701148 0.3855839922773966 1.1749556524425826 -0.8038657783358347
1.1812388377497622 0.925077206834458 0.3797790955218011 1.1812388377497622 -0.8136959982835588
1.1875220230569419 0.9274451533346614 0.3739592057378004 1.1875220230569419 -0.823586688769995
1.1938052083641213 0.9297764858882513 0.3681245526846781 1.1938052083641213 -0.8335372921423239
1.200088393671301 0.932071112458211 0.36227536670454574 1.200088393671301 -0.8435472483824693
1.2063715789784806 0.934328942456612 0.35641187871325075 1.2063715789784806 -0.853615995129204
1.2126547642856602 0.9365498867481924 0.35053432019125896 1.2126547642856602 -0.8637429677003542
1.2189379495928399 0.9387338576538741 0.344642923174517 1.2189379495928399 -0.8739275991150889
1.2252211349000193 0.9408807689542255 0.3387379202452915 1.2252211349000193 -0.8841693201163033
1.231504320207199 0.9429905358928644 0.3328195445229867 1.231504320207199 -0.894467559193097
1.2377875055143785 0.9450630751798048 0.32688802965494246 1.2377875055143785 -0.9048217426033301
1.2440706908215582 0.9470983049947443 0.32094360980720943 1.2440706908215582 -0.915231294396277
1.2503538761287378 0.9490961449902946 0.31498651965530466 1.2503538761287378 -0.9256956364353628
1.2566370614359172 0.9510565162951535 0.30901699437494745 1.2566370614359172 -0.9362141884209876
1.2629202467430969 0.9529793415172189 0.30303526963277394 1.2629202467430969 -0.9467863679134365
1.2692034320502765 0.954864544746643 0.29704158157703486 1.2692034320502765 -0.9574115903558718
1.2754866173574562 0.9567120515588305 0.2910361668282717 1.2754866173574562 -0.9680892690974107
1.2817698026646356 0.9585217890173758 0.28501926246997616 1.2817698026646356 -0.9788188154162847
1.288052987971815 0.960293685676943 0.2789911060392295 1.288052987971815 -0.9895996385430843
1.2943361732789946 0.9620276715860858 0.2729519355173254 1.2943361732789946 -1.0004311456840789
1.3006193585861743 0.9637236782900097 0.2669019893203757 1.3006193585861743 -1.011312742044618
1.306902543893354 0.9653816388332739 0.260841506289897 1.306902543893354 -1.0222438308526165
1.3131857292005336 0.9670014877624351 0.25477072568338216 1.3131857292005336 -1.033223813382111
1.319468914507713 0.9685831611286311 0.24868988716485496 1.319468914507713 -1.044252088976898
1.3257520998148926 0.9701265964901058 0.24259923079540754 1.3257520998148926 -1.0553280550742477
1.3320352851220723 0.971631732914674 0.23649899702372476 1.3320352851220723 -1.066451107228689
1.338318470429252 0.9730985109821265 0.23038942667659063 1.338318470429252 -1.0776206391358745
1.3446016557364315 0.9745268727865771 0.22427076094938117 1.3446016557364315 -1.0888360426565165
1.350884841043611 0.9759167619387473 0.2181432413965427 1.350884841043611 -1.100096707840393
1.3571680263507906 0.9772681235681935 0.21200710992205474 1.3571680263507906 -1.1114020229504313
1.3634512116579702 0.9785809043254721 0.20586260876988136 1.3634512116579702 -1.122751374486855
1.3697343969651499 0.9798550523842469 0.199709980514407 1.3697343969651499 -1.134144147211403
1.3760175822723293 0.9810905174433341 0.1935494680508604 1.3760175822723293 -1.1455797241716228
1.382300767579509 0.9822872507286886 0.18738131458572474 1.382300767579509 -1.1570574867252246
1.3885839528866886 0.9834452049953297 0.1812057636271374 1.3885839528866886 -1.1685768145644992
1.3948671381938682 0.9845643345292053 0.17502305897527604 1.3948671381938682 -1.1801370857408169
1.4011503235010478 0.985644595148998 0.16883344471273382 1.4011503235010478 -1.1917376766891692
1.4074335088082273 0.986685944207868 0.16263716519488372 1.4074335088082273 -1.2033779622527965
1.413716694115407 0.9876883405951378 0.15643446504023092 1.413716694115407 -1.2150573157078624
1.4199998794225865 0.9886517447379141 0.15022558912075706 1.4199998794225865 -1.2267751087881968
1.4262830647297662 0.9895761186026509 0.1440107825522521 1.4262830647297662 -1.2385307117100992
1.4325662500369458 0.9904614256966512 0.13779029068463797 1.4325662500369458 -1.2503234931972003
1.4388494353441252 0.9913076310695066 0.13156435909228256 1.4388494353441252 -1.2621528205053867
1.4451326206513049 0.9921147013144779 0.12533323356430426 1.4451326206513049 -1.2740180594477772
1.4514158059584845 0.9928826045698137 0.1190971600948697 1.4514158059584845 -1.2859185744197612
1.4576989912656642 0.9936113105200084 0.1128563848734816 1.4576989912656642 -1.29785372842409
1.4639821765728436 0.9943007903969989 0.10661115427526 1.4639821765728436 -1.3098228830960261
1.4702653618800232 0.9949510169813002 0.10036171485121491 1.4702653618800232 -1.3218253987285449
1.4765485471872026 0.99556196460308 0.0941083133185145 1.4765485471872026 -1.3338606342975856
1.4828317324943823 0.9961336091431725 0.08785119655074332 1.4828317324943823 -1.3459279474873622
1.489114917801562 0.9966659280340299 0.08159061156815764 1.489114917801562 -1.358026694715719
1.4953981031087415 0.9971589002606139 0.07532680552793275 1.4953981031087415 -1.3701562311595372
1.501681288415921 0.9976125063612252 0.069060025714406 1.501681288415921 -1.3823159107801934
1.5079644737231006 0.9980267284282716 0.06279051952931353 1.5079644737231006 -1.3945050863490636
1.5142476590302802 0.998401550108975 0.056518534482024624 1.5142476590302802 -1.4067231094730739
1.5205308443374599 0.9987369566060175 0.0502443181797696 1.5205308443374599 -1.418969330620297
1.5268140296446395 0.9990329346781247 0.043968118317864895 1.5268140296446395 -1.4312430991455987
1.533097214951819 0.9992894726405892 0.037690182669934694 1.533097214951819 -1.4435437633163175
1.5393804002589986 0.9995065603657316 0.031410759078128396 1.5393804002589986 -1.4558706703380027
1.5456635855661782 0.9996841892832999 0.02513009544333753 1.5456635855661782 -1.4682231663801768
1.5519467708733579 0.999822352380809 0.018848439715408175 1.5519467708733579 -1.4806005966021536
1.5582299561805373 0.9999210442038161 0.012566039883352776 1.5582299561805373 -1.4930023051788865
1.564513141487717 0.9999802608561371 0.006283143965559066 1.564513141487717 -1.505427635326864
1.5707963267948966 1.0 6.123233995736766E-17 1.5707963267948966 -1.5178759293300328
1.5770795121020762 0.9999802608561371 -0.006283143965558943 1.5770795121020762 -1.5303465285657665
1.5833626974092558 0.9999210442038161 -0.012566039883352653 1.5833626974092558 -1.5428387735308664
1.5896458827164353 0.999822352380809 -0.018848439715408054 1.5896458827164353 -1.555352003867598
1.595929068023615 0.9996841892832999 -0.025130095443337407 1.595929068023615 -1.5678855583897597
1.6022122533307945 0.9995065603657316 -0.03141075907812828 1.6022122533307945 -1.5804387751087865
1.6084954386379742 0.9992894726405892 -0.037690182669934576 1.6084954386379742 -1.593010991259882
1.6147786239451536 0.9990329346781247 -0.04396811831786477 1.6147786239451536 -1.6056015433281858
1.6210618092523332 0.9987369566060175 -0.05024431817976947 1.6210618092523332 -1.6182097670749682
1.6273449945595129 0.998401550108975 -0.0565185344820245 1.6273449945595129 -1.6308349975638496
1.6336281798666925 0.9980267284282716 -0.0627905195293134 1.6336281798666925 -1.6434765691870545
1.6399113651738721 0.9976125063612252 -0.06906002571440588 1.6399113651738721 -1.6561338156916874
1.6461945504810516 0.9971589002606139 -0.07532680552793262 1.6461945504810516 -1.6688060702060346
1.6524777357882312 0.9966659280340299 -0.08159061156815751 1.6524777357882312 -1.681492665265893
1.6587609210954108 0.9961336091431725 -0.0878511965507432 1.6587609210954108 -1.6941929328409182
1.6650441064025905 0.99556196460308 -0.09410831331851438 1.6650441064025905 -1.706906204361
1.6713272917097701 0.9949510169813002 -0.100361714851215 1.6713272917097701 -1.7196318107426518
1.6776104770169495 0.9943007903969989 -0.10661115427525987 1.6776104770169495 -1.7323690824154303
1.6838936623241292 0.9936113105200084 -0.1128563848734817 1.6838936623241292 -1.745117349348366
1.6901768476313088 0.9928826045698137 -0.1190971600948698 1.6901768476313088 -1.7578759410764153
1.6964600329384885 0.9921147013144778 -0.12533323356430437 1.6964600329384885 -1.7706441867269287
1.7027432182456679 0.9913076310695066 -0.13156435909228245 1.7027432182456679 -1.783421415046136
1.7090264035528475 0.9904614256966512 -0.13779029068463805 1.7090264035528475 -1.796206954425649
1.7153095888600272 0.9895761186026509 -0.14401078255225222 1.7153095888600272 -1.8090001329289713
1.7215927741672068 0.988651744737914 -0.15022558912075715 1.7215927741672068 -1.821800278318026
1.7278759594743864 0.9876883405951377 -0.15643446504023104 1.7278759594743864 -1.8346067180796979
1.7341591447815659 0.986685944207868 -0.16263716519488358 1.7341591447815659 -1.8474187794523782
1.7404423300887455 0.985644595148998 -0.1688334447127339 1.7404423300887455 -1.8602357894525288
1.7467255153959251 0.9845643345292053 -0.17502305897527615 1.7467255153959251 -1.8730570749012476
1.7530087007031048 0.9834452049953296 -0.1812057636271375 1.7530087007031048 -1.8858819624508436
1.7592918860102844 0.9822872507286886 -0.18738131458572482 1.7592918860102844 -1.898709778611423
1.7655750713174638 0.9810905174433341 -0.1935494680508603 1.7655750713174638 -1.9115398497774745
1.7718582566246432 0.9798550523842469 -0.1997099805144069 1.7718582566246432 -1.9243715022544636
1.7781414419318227 0.9785809043254722 -0.20586260876988102 1.7781414419318227 -1.937204062285427
1.7844246272390023 0.9772681235681935 -0.2120071099220544 1.7844246272390023 -1.9500368560775752
1.790707812546182 0.9759167619387474 -0.21814324139654234 1.790707812546182 -1.9628692098288871
1.7969909978533616 0.9745268727865772 -0.22427076094938103 1.7969909978533616 -1.9757004497547166
1.803274183160541 0.9730985109821266 -0.23038942667659026 1.803274183160541 -1.9885299021143872
1.8095573684677206 0.971631732914674 -0.23649899702372443 1.8095573684677206 -2.0013568932377948
1.8158405537749003 0.9701265964901059 -0.2425992307954072 1.8158405537749003 -2.014180749551997
1.82212373908208 0.9685831611286312 -0.24868988716485463 1.82212373908208 -2.0270007976078133
1.8284069243892596 0.9670014877624351 -0.25477072568338205 1.8284069243892596 -2.0398163641064024
1.834690109696439 0.965381638833274 -0.26084150628989666 1.834690109696439 -2.052626775925849
1.8409732950036186 0.9637236782900098 -0.26690198932037534 1.8409732950036186 -2.065431360147736
1.8472564803107983 0.9620276715860859 -0.27295193551732505 1.8472564803107983 -2.0782294440837092
1.853539665617978 0.9602936856769431 -0.27899110603922916 1.853539665617978 -2.0910203553020352
1.8598228509251575 0.958521789017376 -0.28501926246997605 1.8598228509251575 -2.103803421654146
1.866106036232337 0.9567120515588305 -0.2910361668282716 1.866106036232337 -2.1165779713011768
1.8723892215395166 0.9548645447466431 -0.29704158157703475 1.8723892215395166 -2.129343332740487
1.8786724068466962 0.9529793415172189 -0.30303526963277383 1.8786724068466962 -2.142098834832171
1.8849555921538759 0.9510565162951536 -0.30901699437494734 1.8849555921538759 -2.1548438068255535
1.8912387774610553 0.9490961449902947 -0.31498651965530455 1.8912387774610553 -2.1675775783856697
1.897521962768235 0.9470983049947443 -0.3209436098072093 1.897521962768235 -2.1802994796197273
1.9038051480754146 0.9450630751798049 -0.32688802965494235 1.9038051480754146 -2.193008841103556
1.9100883333825942 0.9429905358928645 -0.33281954452298657 1.9100883333825942 -2.2057049939080313
1.9163715186897738 0.9408807689542255 -0.33873792024529137 1.9163715186897738 -2.2183872696254876
1.9226547039969533 0.9387338576538742 -0.3446429231745169 1.9226547039969533 -2.231055000396099
1.928937889304133 0.9365498867481924 -0.35053432019125885 1.928937889304133 -2.2437075189342535
1.9352210746113125 0.9343289424566121 -0.35641187871325064 1.9352210746113125 -2.2563441585548896
1.9415042599184922 0.932071112458211 -0.36227536670454563 1.9415042599184922 -2.268964253199818
1.9477874452256718 0.9297764858882515 -0.368124552684678 1.9477874452256718 -2.2815671374640174
1.9540706305328512 0.9274451533346614 -0.3739592057378003 1.9540706305328512 -2.294152146621903
1.9603538158400309 0.925077206834458 -0.379779095521801 1.9603538158400309 -2.3067186166535683
1.9666370011472105 0.9226727398701149 -0.3855839922773965 1.9666370011472105 -2.3192658842710006
1.9729201864543902 0.9202318473658704 -0.3913736668372024 1.9729201864543902 -2.331793286944264
1.9792033717615696 0.9177546256839813 -0.39714789063478045 1.9792033717615696 -2.3443001629276576
1.9854865570687492 0.9152411726209176 -0.4029064357136626 1.9854865570687492 -2.3567858512858395
1.9917697423759289 0.9126915874035029 -0.408649074736349 1.9917697423759289 -2.3692496919199173
1.9980529276831085 0.9101059706849957 -0.41437558099328414 1.9980529276831085 -2.3816910255935113
2.004336112990288 0.9074844245411169 -0.4200857284118063 2.004336112990288 -2.3941091939587773
2.0106192982974678 0.9048270524660195 -0.4257792915650727 2.0106192982974678 -2.4065035395823973
2.0169024836046474 0.9021339593682027 -0.43145604568095913 2.0169024836046474 -2.4188734059715347
2.0231856689118266 0.8994052515663712 -0.4371157666509327 2.0231856689118266 -2.4312181375997506
2.0294688542190062 0.896641036785236 -0.4427582310389014 2.0294688542190062 -2.4435370799328857
2.035752039526186 0.8938414241512639 -0.4483832160900321 2.035752039526186 -2.455829579454895
2.0420352248333655 0.8910065241883679 -0.45399049973954675 2.0420352248333655 -2.4680949836936525
2.048318410140545 0.8881364488135446 -0.4595798606214878 2.048318410140545 -2.480332641246706
2.054601595447725 0.8852313113324553 -0.46515107807745837 2.054601595447725 -2.4925419018069963
2.0608847807549044 0.8822912264349533 -0.47070393216533263 2.0608847807549044 -2.5047221161885274
2.067167966062084 0.8793163101905562 -0.47623820366793923 2.067167966062084 -2.516872636351999
2.0734511513692637 0.8763066800438635 -0.48175367410171543 2.0734511513692637 -2.5289928154303842
2.0797343366764434 0.87326245480992 -0.48725012572533255 2.0797343366764434 -2.5410820077544747
2.0860175219836226 0.8701837546695257 -0.49272734154829145 2.0860175219836226 -2.5531395688783594
2.092300707290802 0.8670707011644901 -0.49818510533949073 2.092300707290802 -2.5651648556048823
2.098583892597982 0.8639234171928354 -0.5036232016357608 2.098583892597982 -2.577157226011018
2.1048670779051615 0.8607420270039436 -0.5090414157503713 2.1048670779051615 -2.5891160394732218
2.111150263212341 0.8575266561936522 -0.5144395337815065 2.111150263212341 -2.6010406566927244
2.1174334485195208 0.8542774316992952 -0.5198173426207096 2.1174334485195208 -2.61293043972076
2.1237166338267004 0.8509944817946917 -0.5251746299612958 2.1237166338267004 -2.6247847519837597
2.12999981913388 0.8476779360850831 -0.5305111843067343 2.12999981913388 -2.636602958308479
2.1362830044410597 0.844327925502015 -0.5358267949789969 2.1362830044410597 -2.648384424947075
2.142566189748239 0.8409445822981692 -0.5411212521268758 2.142566189748239 -2.660128519602124
2.1488493750554185 0.8375280400421418 -0.546394346734269 2.1488493750554185 -2.671834611451583
2.155132560362598 0.8340784336131711 -0.5516458706284302 2.155132560362598 -2.6835020711736988
2.1614157456697773 0.8305958991958129 -0.5568756164881876 2.1614157456697773 -2.695130270971843
2.167698930976957 0.827080574274562 -0.5620833778521304 2.167698930976957 -2.706718584599307
2.1739821162841366 0.8235325976284276 -0.5672689491267563 2.1739821162841366 -2.7182663873840154
2.1802653015913163 0.8199521093254525 -0.5724321255945907 2.1802653015913163 -2.7297730562531926
2.186548486898496 0.816339250717184 -0.5775727034222674 2.186548486898496 -2.741237969757962
2.1928316722056755 0.8126941644330941 -0.5826904796685759 2.1928316722056755 -2.7526605080978754
2.199114857512855 0.8090169943749475 -0.587785252292473 2.199114857512855 -2.7640400531453837
2.205398042820035 0.805307885711122 -0.5928568201610592 2.205398042820035 -2.7753759884702403
2.211681228127214 0.8015669848708769 -0.5979049830575185 2.211681228127214 -2.786667699363832
2.2179644134343937 0.7977944395385712 -0.6029295416890245 2.2179644134343937 -2.797914572863457
2.2242475987415733 0.7939903986478355 -0.6079302976946052 2.2242475987415733 -2.809115997776511
2.230530784048753 0.7901550123756905 -0.6129070536529763 2.230530784048753 -2.8202713647046265
2.2368139693559326 0.786288432136619 -0.6178596130903342 2.2368139693559326 -2.831380066067723
2.243097154663112 0.7823908105765882 -0.6227877804881123 2.243097154663112 -2.8424414961279982
2.249380339970292 0.7784623015670235 -0.6276913612907004 2.249380339970292 -2.8534550510138392
2.2556635252774715 0.7745030601987338 -0.6325701619131244 2.2556635252774715 -2.8644201287436637
2.261946710584651 0.7705132427757893 -0.6374239897486897 2.261946710584651 -2.8753361292496864
2.2682298958918308 0.7664930068093498 -0.6422526531765844 2.2682298958918308 -2.8862024544016016
2.27451308119901 0.7624425110114481 -0.647055961569444 2.27451308119901 -2.8970185080302047
2.2807962665061896 0.758361915288722 -0.6518337253008786 2.2807962665061896 -2.9077836959509273
2.2870794518133692 0.754251380736104 -0.6565857557529563 2.2870794518133692 -2.9184974259872885
2.293362637120549 0.7501110696304596 -0.6613118653236517 2.293362637120549 -2.9291591079942765
2.2996458224277285 0.7459411454241822 -0.6660118674342516 2.2996458224277285 -2.939768153881647
2.305929007734908 0.7417417727387393 -0.67068557653672 2.305929007734908 -2.950323977637143
2.312212193042088 0.7375131173581739 -0.6753328081210244 2.312212193042088 -2.9608259953496194
2.3184953783492674 0.73325534622256 -0.6799533787224192 2.3184953783492674 -2.9712736252321084
2.324778563656447 0.7289686274214114 -0.6845471059286887 2.324778563656447 -2.9816662876447757
2.3310617489636263 0.7246531301870468 -0.6891138083873483 2.3310617489636263 -2.992003405117812
2.337344934270806 0.720309024887907 -0.6936533058128048 2.337344934270806 -3.002284402374225
2.3436281195779856 0.7159364830218313 -0.6981654189934725 2.3436281195779856 -3.012508706352552
2.349911304885165 0.7115356772092855 -0.7026499697988491 2.349911304885165 -3.0226757462294875
2.356194490192345 0.7071067811865476 -0.7071067811865475 2.356194490192345 -3.0327849534424107
2.3624776754995245 0.7026499697988492 -0.7115356772092853 2.3624776754995245 -3.0428357617118356
2.368760860806704 0.6981654189934727 -0.7159364830218312 2.368760860806704 -3.052827607063768
2.3750440461138838 0.6936533058128049 -0.7203090248879069 2.3750440461138838 -3.0627599278519693
2.3813272314210634 0.6891138083873484 -0.7246531301870467 2.3813272314210634 -3.072632164780128
2.3876104167282426 0.6845471059286888 -0.7289686274214113 2.3876104167282426 -3.0824437609239386
2.3938936020354222 0.6799533787224193 -0.7332553462225598 2.3938936020354222 -3.092194161753093
2.400176787342602 0.6753328081210246 -0.7375131173581738 2.400176787342602 -3.1018828151531683
2.4064599726497815 0.6706855765367201 -0.7417417727387392 2.4064599726497815 -3.1115091714474232
2.412743157956961 0.6660118674342517 -0.7459411454241821 2.412743157956961 -3.121072683418501
2.419026343264141 0.6613118653236518 -0.7501110696304595 2.419026343264141 -3.13057280633003
2.4253095285713204 0.6565857557529564 -0.7542513807361039 2.4253095285713204 -3.1400089979481303
2.4315927138785 0.6518337253008787 -0.758361915288722 2.4315927138785 -3.149380718562822
2.4378758991856797 0.6470559615694442 -0.762442511011448 2.4378758991856797 -3.1586874310093265
2.444159084492859 0.6422526531765845 -0.7664930068093497 2.444159084492859 -3.167928600689278
2.4504422698000385 0.6374239897486899 -0.7705132427757891 2.4504422698000385 -3.1771036955918284
2.456725455107218 0.6325701619131245 -0.7745030601987337 2.456725455107218 -3.1862121863146475
2.463008640414398 0.6276913612907006 -0.7784623015670233 2.463008640414398 -3.1952535460848246
2.4692918257215775 0.6227877804881126 -0.7823908105765881 2.4692918257215775 -3.204227250779661
2.475575011028757 0.6178596130903343 -0.7862884321366189 2.475575011028757 -3.213132778947368
2.4818581963359367 0.6129070536529764 -0.7901550123756904 2.4818581963359367 -3.2219696118276495
2.4881413816431164 0.6079302976946053 -0.7939903986478354 2.4881413816431164 -3.230737233372179
2.494424566950296 0.6029295416890246 -0.7977944395385711 2.494424566950296 -3.2394351302649778
2.5007077522574757 0.5979049830575187 -0.8015669848708767 2.5007077522574757 -3.2480627919426763
2.506990937564655 0.5928568201610593 -0.8053078857111219 2.506990937564655 -3.256619710614668
2.5132741228718345 0.5877852522924732 -0.8090169943749473 2.5132741228718345 -3.265105381283164
2.519557308179014 0.5826904796685761 -0.812694164433094 2.519557308179014 -3.2735193017631223
2.5258404934861938 0.5775727034222676 -0.8163392507171839 2.5258404934861938 -3.2818609727020753
2.5321236787933734 0.5724321255945908 -0.8199521093254524 2.5321236787933734 -3.2901298975998428
2.538406864100553 0.5672689491267564 -0.8235325976284275 2.538406864100553 -3.298325582828134
2.5446900494077327 0.5620833778521305 -0.8270805742745619 2.5446900494077327 -3.306447537650039
2.5509732347149123 0.5568756164881878 -0.8305958991958128 2.5509732347149123 -3.3144952742393903
2.5572564200220915 0.5516458706284304 -0.8340784336131711 2.5572564200220915 -3.322468307700035
2.563539605329271 0.5463943467342692 -0.8375280400421417 2.563539605329271 -3.330366156084972
2.569822790636451 0.5411212521268759 -0.840944582298169 2.569822790636451 -3.3381883404153756
2.57610597594363 0.535826794978997 -0.8443279255020149 2.57610597594363 -3.3459343846995067
2.5823891612508096 0.5305111843067344 -0.847677936085083 2.5823891612508096 -3.3536038159515087
2.5886723465579893 0.525174629961296 -0.8509944817946917 2.5886723465579893 -3.3611961642100714
2.594955531865169 0.5198173426207098 -0.854277431699295 2.594955531865169 -3.3687109625569955
2.6012387171723486 0.5144395337815066 -0.8575266561936521 2.6012387171723486 -3.3761477471356125
2.607521902479528 0.5090414157503714 -0.8607420270039435 2.607521902479528 -3.383506057169109
2.613805087786708 0.5036232016357609 -0.8639234171928353 2.613805087786708 -3.390785434978711
2.6200882730938875 0.4981851053394909 -0.86707070116449 2.6200882730938875 -3.39798542600175
2.626371458401067 0.4927273415482916 -0.8701837546695257 2.626371458401067 -3.4051055788096187
2.6326546437082463 0.48725012572533266 -0.8732624548099199 2.6326546437082463 -3.4121454451255793
2.638937829015426 0.4817536741017156 -0.8763066800438635 2.638937829015426 -3.4191045798424717
2.6452210143226056 0.4762382036679394 -0.8793163101905561 2.6452210143226056 -3.4259825410402787
2.6515041996297852 0.4707039321653328 -0.8822912264349532 2.6515041996297852 -3.4327788900035747
2.657787384936965 0.46515107807745854 -0.8852313113324551 2.657787384936965 -3.4394931912388484
2.6640705702441445 0.459579860621488 -0.8881364488135445 2.6640705702441445 -3.4461250124916867
2.670353755551324 0.45399049973954686 -0.8910065241883678 2.670353755551324 -3.4526739247638494
2.676636940858504 0.4483832160900323 -0.8938414241512638 2.676636940858504 -3.459139502330201
2.6829201261656834 0.44275823103890155 -0.8966410367852359 2.6829201261656834 -3.4655213227555146
2.689203311472863 0.4371157666509329 -0.8994052515663711 2.689203311472863 -3.471818966911154
2.6954864967800423 0.4314560456809593 -0.9021339593682027 2.6954864967800423 -3.478032018991617
2.701769682087222 0.4257792915650729 -0.9048270524660194 2.701769682087222 -3.484160066530953
2.7080528673944015 0.42008572841180647 -0.9074844245411169 2.7080528673944015 -3.490202700419043
2.714336052701581 0.4143755809932843 -0.9101059706849957 2.714336052701581 -3.4961595149177542
2.720619238008761 0.40864907473634915 -0.9126915874035028 2.720619238008761 -3.5020301076769584
2.7269024233159405 0.40290643571366275 -0.9152411726209175 2.7269024233159405 -3.507814079750408
2.73318560862312 0.3971478906347806 -0.9177546256839811 2.73318560862312 -3.5135110356114967
2.7394687939302997 0.39137366683720237 -0.9202318473658704 2.7394687939302997 -3.5191205831688688
2.7457519792374794 0.3855839922773965 -0.9226727398701149 2.7457519792374794 -3.524642333781898
2.7520351645446586 0.3797790955218014 -0.9250772068344579 2.7520351645446586 -3.53007590227603
2.758318349851838 0.37395920573780067 -0.9274451533346613 2.758318349851838 -3.5354209069579925
2.764601535159018 0.36812455268467814 -0.9297764858882513 2.764601535159018 -3.540676969630856
2.7708847204661975 0.3622753667045458 -0.932071112458211 2.7708847204661975 -3.545843715608974
2.777167905773377 0.3564118787132508 -0.934328942456612 2.777167905773377 -3.5509207737327673
2.7834510910805568 0.350534320191259 -0.9365498867481923 2.7834510910805568 -3.555907776383383
2.7897342763877364 0.34464292317451706 -0.9387338576538741 2.7897342763877364 -3.5608043594972
2.796017461694916 0.3387379202452913 -0.9408807689542255 2.796017461694916 -3.5656101625802066
2.8023006470020957 0.3328195445229865 -0.9429905358928645 2.8023006470020957 -3.570324828722234
2.808583832309275 0.32688802965494274 -0.9450630751798047 2.808583832309275 -3.5749480046110405
2.8148670176164545 0.3209436098072097 -0.9470983049947442 2.8148670176164545 -3.5794793405462646
2.821150202923634 0.31498651965530494 -0.9490961449902945 2.821150202923634 -3.583918490453228
2.827433388230814 0.3090169943749475 -0.9510565162951535 2.827433388230814 -3.588265111896602
2.8337165735379934 0.30303526963277405 -0.9529793415172187 2.8337165735379934 -3.5925188660939185
2.839999758845173 0.2970415815770349 -0.954864544746643 2.839999758845173 -3.5966794179289514
2.8462829441523527 0.29103616682827177 -0.9567120515588305 2.8462829441523527 -3.6007464359649464
2.8525661294595324 0.28501926246997605 -0.958521789017376 2.8525661294595324 -3.604719592457699
2.858849314766712 0.2789911060392291 -0.9602936856769431 2.858849314766712 -3.6085985633685027
2.8651325000738916 0.27295193551732505 -0.9620276715860859 2.8651325000738916 -3.6123830283769323
2.871415685381071 0.26690198932037573 -0.9637236782900096 2.871415685381071 -3.6160726708934945
2.8776988706882505 0.26084150628989705 -0.9653816388332739 2.8776988706882505 -3.6196671780721292
2.88398205599543 0.25477072568338227 -0.967001487762435 2.88398205599543 -3.623166240822552
2.8902652413026098 0.24868988716485482 -0.9685831611286311 2.8902652413026098 -3.6265695538224634
2.8965484266097894 0.2425992307954074 -0.9701265964901058 2.8965484266097894 -3.6298768155296006
2.902831611916969 0.2364989970237246 -0.971631732914674 2.902831611916969 -3.6330877281936402
2.9091147972241487 0.23038942667659046 -0.9730985109821266 2.9091147972241487 -3.6362019978679543
2.9153979825313283 0.224270760949381 -0.9745268727865772 2.9153979825313283 -3.6392193344212127
2.921681167838508 0.21814324139654231 -0.9759167619387474 2.921681167838508 -3.642139451548844
2.927964353145687 0.2120071099220548 -0.9772681235681935 2.927964353145687 -3.6449620667843288
2.934247538452867 0.2058626087698814 -0.9785809043254721 2.934247538452867 -3.6476869015103563
2.9405307237600464 0.19970998051440705 -0.9798550523842469 2.9405307237600464 -3.650313680969826
2.9468139090672256 0.19354946805086068 -0.981090517443334 2.9468139090672256 -3.6528421342766855
2.9530970943744053 0.18738131458572502 -0.9822872507286886 2.9530970943744053 -3.655271994426635
2.959380279681585 0.18120576362713767 -0.9834452049953296 2.959380279681585 -3.6576029983076626
2.9656634649887645 0.1750230589752763 -0.9845643345292053 2.9656634649887645 -3.6598348867104336
2.971946650295944 0.1688334447127341 -0.985644595148998 2.971946650295944 -3.6619674043385197
2.978229835603124 0.16263716519488378 -0.986685944207868 2.978229835603124 -3.6640002998184835
2.9845130209103035 0.15643446504023098 -0.9876883405951377 2.9845130209103035 -3.6659333257097986
2.990796206217483 0.15022558912075712 -0.988651744737914 2.990796206217483 -3.6677662385146195
2.9970793915246623 0.1440107825522526 -0.9895761186026509 2.9970793915246623 -3.6694987986873913
3.003362576831842 0.13779029068463847 -0.9904614256966512 3.003362576831842 -3.671130770644313
3.0096457621390216 0.13156435909228284 -0.9913076310695065 3.0096457621390216 -3.672661922772632
3.015928947446201 0.12533323356430454 -0.9921147013144778 3.015928947446201 -3.674092027439788
3.022212132753381 0.11909716009486998 -0.9928826045698136 3.022212132753381 -3.675420861002408
3.0284953180605605 0.11285638487348187 -0.9936113105200084 3.0284953180605605 -3.67664820381512
3.03477850336774 0.10661115427526005 -0.9943007903969989 3.03477850336774 -3.6777738402392406
3.0410616886749198 0.10036171485121498 -0.9949510169813002 3.0410616886749198 -3.678797558651275
3.0473448739820994 0.09410831331851435 -0.99556196460308 3.0473448739820994 -3.6797191514512813
3.053628059289279 0.08785119655074315 -0.9961336091431725 3.053628059289279 -3.6805384150710587
3.0599112445964582 0.08159061156815792 -0.9966659280340299 3.0599112445964582 -3.6812551499821877
3.066194429903638 0.07532680552793304 -0.9971589002606139 3.066194429903638 -3.68186916070391
3.0724776152108175 0.06906002571440606 -0.9976125063612252 3.0724776152108175 -3.682380255810838
3.078760800517997 0.06279051952931358 -0.9980267284282716 3.078760800517997 -3.682788247940518
3.085043985825177 0.05651853448202468 -0.998401550108975 3.085043985825177 -3.683092953800827
3.0913271711323564 0.05024431817976966 -0.9987369566060175 3.0913271711323564 -3.6832941941772033
3.097610356439536 0.04396811831786496 -0.9990329346781247 3.097610356439536 -3.68339179393973
3.1038935417467157 0.037690182669934534 -0.9992894726405892 3.1038935417467157 -3.683385582050039
3.1101767270538954 0.031410759078128236 -0.9995065603657316 3.1101767270538954 -3.6832753915680745
3.1164599123610746 0.025130095443337813 -0.9996841892832999 3.1164599123610746 -3.6830610596586717
3.122743097668254 0.01884843971540846 -0.999822352380809 3.122743097668254 -3.6827424275979928
3.129026282975434 0.012566039883352836 -0.9999210442038161 3.129026282975434 -3.682319340779795
3.1353094682826135 0.006283143965559127 -0.9999802608561371 3.1353094682826135 -3.6817916487215276
3.141592653589793 1.2246467991473532E-16 -1.0 3.141592653589793 -3.6811592050702724
3.1478758388969728 -0.006283143965558882 -0.9999802608561371 3.1478758388969728 -3.6804218676085303
3.1541590242041524 -0.012566039883352592 -0.9999210442038161 3.1541590242041524 -3.6795794982598276
3.160442209511332 -0.018848439715408213 -0.999822352380809 3.160442209511332 -3.678631963094171
3.1667253948185117 -0.02513009544333757 -0.9996841892832999 3.1667253948185117 -3.6775791323333302
3.173008580125691 -0.031410759078127994 -0.9995065603657316 3.173008580125691 -3.676420880355969
3.1792917654328705 -0.03769018266993429 -0.9992894726405892 3.1792917654328705 -3.675157085702596
3.18557495074005 -0.04396811831786471 -0.9990329346781247 3.18557495074005 -3.6737876310803705
3.19185813604723 -0.05024431817976942 -0.9987369566060175 3.19185813604723 -3.6723124033677177
3.1981413213544094 -0.056518534482024436 -0.998401550108975 3.1981413213544094 -3.670731293618812
3.204424506661589 -0.06279051952931335 -0.9980267284282716 3.204424506661589 -3.669044197067862
3.2107076919687687 -0.06906002571440581 -0.9976125063612252 3.2107076919687687 -3.667251013133258
3.2169908772759483 -0.07532680552793279 -0.9971589002606139 3.2169908772759483 -3.6653516454215374
3.223274062583128 -0.08159061156815768 -0.9966659280340299 3.223274062583128 -3.663346001731191
3.229557247890307 -0.08785119655074292 -0.9961336091431725 3.229557247890307 -3.6612339940563055
3.235840433197487 -0.0941083133185141 -0.99556196460308 3.235840433197487 -3.6590155385900314
3.2421236185046665 -0.10036171485121473 -0.9949510169813002 3.2421236185046665 -3.6566905557278986
3.248406803811846 -0.1066111542752598 -0.9943007903969989 3.248406803811846 -3.654258970070957
3.2546899891190257 -0.11285638487348164 -0.9936113105200084 3.2546899891190257 -3.6517207104287492
3.2609731744262054 -0.11909716009486973 -0.9928826045698137 3.2609731744262054 -3.6490757098221276
3.267256359733385 -0.12533323356430429 -0.9921147013144779 3.267256359733385 -3.6463239054858914
3.2735395450405647 -0.13156435909228262 -0.9913076310695066 3.2735395450405647 -3.643465238871271
3.2798227303477443 -0.13779029068463822 -0.9904614256966512 3.2798227303477443 -3.640499655648236
3.286105915654924 -0.14401078255225236 -0.9895761186026509 3.286105915654924 -3.63742710570764
3.292389100962103 -0.15022558912075687 -0.9886517447379141 3.292389100962103 -3.6342475431632004
3.2986722862692828 -0.15643446504023073 -0.9876883405951378 3.2986722862692828 -3.6309609263533082
3.3049554715764624 -0.16263716519488353 -0.986685944207868 3.3049554715764624 -3.627567217842672
3.311238656883642 -0.16883344471273384 -0.985644595148998 3.311238656883642 -3.6240663844238004
3.3175218421908217 -0.1750230589752761 -0.9845643345292053 3.3175218421908217 -3.6204583971183086
3.3238050274980013 -0.18120576362713745 -0.9834452049953297 3.3238050274980013 -3.6167432311780643
3.330088212805181 -0.18738131458572477 -0.9822872507286886 3.330088212805181 -3.6129208660861614
3.3363713981123606 -0.19354946805086046 -0.9810905174433341 3.3363713981123606 -3.608991285557737
3.3426545834195402 -0.19970998051440725 -0.9798550523842469 3.3426545834195402 -3.6049544775406073
3.3489377687267194 -0.2058626087698812 -0.9785809043254722 3.3489377687267194 -3.600810434215746
3.355220954033899 -0.21200710992205454 -0.9772681235681935 3.355220954033899 -3.596559151997596
3.3615041393410787 -0.2181432413965425 -0.9759167619387474 3.3615041393410787 -3.592200631534204
3.3677873246482584 -0.2242707609493812 -0.9745268727865771 3.3677873246482584 -3.5877348777072027
3.374070509955438 -0.23038942667659065 -0.9730985109821265 3.374070509955438 -3.5831618996316115
3.3803536952626176 -0.2364989970237248 -0.9716317329146739 3.3803536952626176 -3.578481710655482
3.3866368805697973 -0.2425992307954076 -0.9701265964901058 3.3866368805697973 -3.573694328359366
3.392920065876977 -0.24868988716485502 -0.9685831611286311 3.392920065876977 -3.5687997745556266
3.3992032511841566 -0.25477072568338244 -0.967001487762435 3.3992032511841566 -3.5637980752875724
3.4054864364913358 -0.26084150628989683 -0.9653816388332739 3.4054864364913358 -3.5586892608284333
3.4117696217985154 -0.2669019893203755 -0.9637236782900097 3.4117696217985154 -3.5534733656801616
3.418052807105695 -0.2729519355173252 -0.9620276715860859 3.418052807105695 -3.5481504285720735
3.4243359924128747 -0.2789911060392293 -0.9602936856769431 3.4243359924128747 -3.542720492459318
3.4306191777200543 -0.2850192624699762 -0.9585217890173758 3.4306191777200543 -3.53718360452118
3.436902363027234 -0.291036166828272 -0.9567120515588304 3.436902363027234 -3.5315398161592237
3.4431855483344136 -0.2970415815770351 -0.954864544746643 3.4431855483344136 -3.5257891829952532
3.4494687336415932 -0.3030352696327742 -0.9529793415172187 3.4494687336415932 -3.519931764869127
3.455751918948773 -0.30901699437494773 -0.9510565162951535 3.455751918948773 -3.513967625836389
3.4620351042559525 -0.31498651965530516 -0.9490961449902945 3.4620351042559525 -3.507896834165741
3.4683182895631317 -0.3209436098072095 -0.9470983049947443 3.4683182895631317 -3.5017194623363506
3.4746014748703113 -0.3268880296549425 -0.9450630751798048 3.4746014748703113 -3.495435587034988
3.480884660177491 -0.33281954452298673 -0.9429905358928644 3.480884660177491 -3.4890452891529926
3.4871678454846706 -0.3387379202452915 -0.9408807689542255 3.4871678454846706 -3.482548653783092
3.4934510307918503 -0.3446429231745172 -0.9387338576538741 3.4934510307918503 -3.4759457702160317
3.49973421609903 -0.35053432019125924 -0.9365498867481923 3.49973421609903 -3.469236731937055
3.5060174014062095 -0.356411878713251 -0.9343289424566119 3.5060174014062095 -3.462421636622213
3.512300586713389 -0.362275366704546 -0.9320711124582108 3.512300586713389 -3.4555005861345034
3.518583772020569 -0.3681245526846783 -0.9297764858882512 3.518583772020569 -3.448473686519857
3.524866957327748 -0.37395920573780045 -0.9274451533346613 3.524866957327748 -3.4413410480029434
3.5311501426349277 -0.37977909552180117 -0.925077206834458 3.5311501426349277 -3.434102784982824
3.537433327942107 -0.38558399227739626 -0.922672739870115 3.537433327942107 -3.426759016028438
3.5437165132492865 -0.39137366683720215 -0.9202318473658705 3.5437165132492865 -3.4193098638739112
3.5499996985564657 -0.39714789063478 -0.9177546256839814 3.5499996985564657 -3.411755455413724
3.5562828838636453 -0.4029064357136621 -0.9152411726209179 3.5562828838636453 -3.404095921697695
3.562566069170825 -0.40864907473634854 -0.9126915874035031 3.562566069170825 -3.396331397925802
3.5688492544780046 -0.41437558099328364 -0.9101059706849959 3.5688492544780046 -3.3884620234428575
3.5751324397851842 -0.42008572841180586 -0.9074844245411171 3.5751324397851842 -3.380487941732997
3.581415625092364 -0.42577929156507227 -0.9048270524660197 3.581415625092364 -3.37240930041402
3.5876988103995435 -0.43145604568095863 -0.902133959368203 3.5876988103995435 -3.3642262512315573
3.593981995706723 -0.43711576665093266 -0.8994052515663712 3.593981995706723 -3.3559389500530865
3.600265181013903 -0.44275823103890133 -0.896641036785236 3.600265181013903 -3.3475475568617736
3.606548366321082 -0.4483832160900317 -0.8938414241512641 3.606548366321082 -3.339052235750161
3.6128315516282616 -0.45399049973954625 -0.8910065241883681 3.6128315516282616 -3.330453154913682
3.6191147369354413 -0.45957986062148737 -0.8881364488135448 3.6191147369354413 -3.321750486644034
3.625397922242621 -0.4651510780774579 -0.8852313113324555 3.625397922242621 -3.312944407322364
3.6316811075498006 -0.4707039321653322 -0.8822912264349535 3.6316811075498006 -3.3040350974123114
3.63796429285698 -0.4762382036679388 -0.8793163101905564 3.63796429285698 -3.295022741452882
3.64424747816416 -0.481753674101715 -0.8763066800438637 3.64424747816416 -3.2859075280511636
3.6505306634713395 -0.4872501257253321 -0.8732624548099203 3.6505306634713395 -3.276689649874881
3.656813848778519 -0.4927273415482914 -0.8701837546695258 3.656813848778519 -3.267369303644786
3.6630970340856988 -0.4981851053394907 -0.8670707011644901 3.6630970340856988 -3.2579466901268943
3.669380219392878 -0.5036232016357604 -0.8639234171928356 3.669380219392878 -3.248422014124562
3.6756634047000576 -0.5090414157503709 -0.8607420270039439 3.6756634047000576 -3.238795484470393
3.6819465900072372 -0.5144395337815061 -0.8575266561936524 3.6819465900072372 -3.229067314018001
3.688229775314417 -0.5198173426207091 -0.8542774316992954 3.688229775314417 -3.219237719633605
3.6945129606215965 -0.5251746299612954 -0.8509944817946921 3.6945129606215965 -3.2093069221874657
3.700796145928776 -0.5305111843067338 -0.8476779360850834 3.700796145928776 -3.1992751465451685
3.707079331235956 -0.5358267949789964 -0.8443279255020152 3.707079331235956 -3.1891426215587466
3.7133625165431354 -0.5411212521268757 -0.8409445822981692 3.7133625165431354 -3.1789095800576392
3.719645701850315 -0.546394346734269 -0.8375280400421418 3.719645701850315 -3.168576258839513
3.7259288871574943 -0.5516458706284298 -0.8340784336131715 3.7259288871574943 -3.158142898660901
3.732212072464674 -0.5568756164881876 -0.8305958991958129 3.732212072464674 -3.1476097442277036
3.7384952577718535 -0.5620833778521303 -0.827080574274562 3.7384952577718535 -3.1369770441855285
3.744778443079033 -0.5672689491267562 -0.8235325976284277 3.744778443079033 -3.126245051109874
3.751061628386213 -0.5724321255945907 -0.8199521093254525 3.751061628386213 -3.115414021496156
3.7573448136933925 -0.5775727034222674 -0.816339250717184 3.7573448136933925 -3.1044842157495856
3.763627999000572 -0.5826904796685759 -0.8126941644330941 3.763627999000572 -3.0934558981748843
3.7699111843077517 -0.587785252292473 -0.8090169943749475 3.7699111843077517 -3.082329336965851
3.7761943696149314 -0.5928568201610591 -0.805307885711122 3.7761943696149314 -3.071104804194779
3.7824775549221106 -0.5979049830575185 -0.8015669848708769 3.7824775549221106 -3.0597825758017083
3.78876074022929 -0.6029295416890244 -0.7977944395385712 3.78876074022929 -3.0483629315835343
3.79504392553647 -0.607930297694605 -0.7939903986478356 3.79504392553647 -3.036846155182963
3.8013271108436495 -0.6129070536529763 -0.7901550123756906 3.8013271108436495 -3.0252325340773147
3.807610296150829 -0.6178596130903341 -0.786288432136619 3.807610296150829 -3.01352235956717
3.8138934814580088 -0.6227877804881123 -0.7823908105765882 3.8138934814580088 -3.001715926764873
3.8201766667651884 -0.6276913612907004 -0.7784623015670236 3.8201766667651884 -2.989813534582884
3.826459852072368 -0.6325701619131243 -0.7745030601987339 3.826459852072368 -2.977815485721968
3.8327430373795477 -0.6374239897486896 -0.7705132427757893 3.8327430373795477 -2.9657220866592597
3.8390262226867273 -0.6422526531765844 -0.7664930068093498 3.8390262226867273 -2.9535336476361507
3.8453094079939065 -0.647055961569444 -0.7624425110114481 3.8453094079939065 -2.941250482646054
3.851592593301086 -0.6518337253008785 -0.7583619152887221 3.851592593301086 -2.9288729094219916
3.857875778608266 -0.6565857557529562 -0.754251380736104 3.857875778608266 -2.91640124942407
3.8641589639154454 -0.6613118653236517 -0.7501110696304597 3.8641589639154454 -2.903835827826777
3.870442149222625 -0.6660118674342514 -0.7459411454241822 3.870442149222625 -2.8911769735061474
3.8767253345298047 -0.6706855765367199 -0.7417417727387393 3.8767253345298047 -2.878425019026782
3.8830085198369844 -0.6753328081210244 -0.7375131173581739 3.8830085198369844 -2.865580300628712
3.889291705144164 -0.6799533787224192 -0.7332553462225601 3.889291705144164 -2.852643158214135
3.8955748904513436 -0.6845471059286887 -0.7289686274214116 3.8955748904513436 -2.839613935333987
3.901858075758523 -0.6891138083873483 -0.7246531301870469 3.901858075758523 -2.8264929791743847
3.9081412610657025 -0.6936533058128047 -0.720309024887907 3.9081412610657025 -2.8132806405429127
3.914424446372882 -0.6981654189934725 -0.7159364830218313 3.914424446372882 -2.799977273854788
3.9207076316800618 -0.7026499697988491 -0.7115356772092856 3.9207076316800618 -2.7865832371188524
3.9269908169872414 -0.7071067811865475 -0.7071067811865477 3.9269908169872414 -2.7730988919234485
3.933274002294421 -0.7115356772092853 -0.7026499697988493 3.933274002294421 -2.7595246034221415
3.9395571876016007 -0.7159364830218311 -0.6981654189934727 3.9395571876016007 -2.745860740319306
3.9458403729087803 -0.7203090248879069 -0.6936533058128049 3.9458403729087803 -2.7321076748555653
3.95212355821596 -0.7246531301870467 -0.6891138083873485 3.95212355821596 -2.7182657827931025
3.958406743523139 -0.7289686274214113 -0.684547105928689 3.958406743523139 -2.704335443400821
3.964689928830319 -0.7332553462225598 -0.6799533787224195 3.964689928830319 -2.6903170394393734
3.9709731141374984 -0.7375131173581737 -0.6753328081210246 3.9709731141374984 -2.6762109571460493
3.977256299444678 -0.7417417727387391 -0.6706855765367201 3.977256299444678 -2.662017586219533
3.9835394847518577 -0.7459411454241821 -0.6660118674342517 3.9835394847518577 -2.64773731980451
3.9898226700590373 -0.7501110696304595 -0.6613118653236519 3.9898226700590373 -2.6333705544761545
3.996105855366217 -0.7542513807361038 -0.6565857557529564 3.996105855366217 -2.618917690224466
4.002389040673396 -0.7583619152887215 -0.651833725300879 4.002389040673396 -2.604379130438487
4.008672225980576 -0.7624425110114479 -0.6470559615694442 4.008672225980576 -2.5897552818903655
4.0149554112877555 -0.7664930068093496 -0.6422526531765846 4.0149554112877555 -2.5750465547193135
4.0212385965949355 -0.7705132427757894 -0.6374239897486895 4.0212385965949355 -2.5602533624153954
4.027521781902115 -0.7745030601987337 -0.6325701619131247 4.027521781902115 -2.5453761218032245
4.033804967209295 -0.7784623015670236 -0.6276913612907002 4.033804967209295 -2.5304152530254864
4.040088152516474 -0.7823908105765881 -0.6227877804881126 4.040088152516474 -2.5153711795263765
4.046371337823653 -0.7862884321366186 -0.6178596130903348 4.046371337823653 -2.5002443280348596
4.052654523130833 -0.7901550123756904 -0.6129070536529765 4.052654523130833 -2.4850351285478354
4.0589377084380125 -0.7939903986478352 -0.6079302976946057 4.0589377084380125 -2.469744014313167
4.065220893745193 -0.7977944395385711 -0.6029295416890246 4.065220893745193 -2.454371421812564
4.071504079052372 -0.8015669848708764 -0.597904983057519 4.071504079052372 -2.4389177907443673
4.077787264359552 -0.8053078857111221 -0.592856820161059 4.077787264359552 -2.4233835640061727
4.084070449666731 -0.8090169943749473 -0.5877852522924732 4.084070449666731 -2.4077691876773626
4.090353634973911 -0.8126941644330942 -0.5826904796685758 4.090353634973911 -2.3920751110014806
4.09663682028109 -0.8163392507171839 -0.5775727034222676 4.09663682028109 -2.3763017863685123
4.1029200055882695 -0.819952109325452 -0.5724321255945912 4.1029200055882695 -2.360449669297009
4.10920319089545 -0.8235325976284275 -0.5672689491267564 4.10920319089545 -2.344519218416113
4.115486376202629 -0.8270805742745616 -0.5620833778521309 4.115486376202629 -2.3285108954474603
4.121769561509809 -0.8305958991958127 -0.5568756164881878 4.121769561509809 -2.312425165186931
4.128052746816988 -0.834078433613171 -0.5516458706284304 4.128052746816988 -2.2962624954863244
4.134335932124168 -0.8375280400421419 -0.5463943467342689 4.134335932124168 -2.280023357234866
4.140619117431347 -0.840944582298169 -0.5411212521268759 4.140619117431347 -2.2637082243406392
4.1469023027385274 -0.8443279255020153 -0.5358267949789963 4.1469023027385274 -2.2473175737118574
4.153185488045707 -0.8476779360850832 -0.530511184306734 4.153185488045707 -2.2308518852380517
4.159468673352887 -0.8509944817946921 -0.5251746299612953 4.159468673352887 -2.21431164177111
4.165751858660066 -0.8542774316992952 -0.5198173426207094 4.165751858660066 -2.1976973291062354
4.172035043967245 -0.8575266561936521 -0.5144395337815068 4.172035043967245 -2.1810094359627463
4.178318229274425 -0.8607420270039438 -0.5090414157503711 4.178318229274425 -2.164248453964795
4.184601414581604 -0.8639234171928352 -0.503623201635761 4.184601414581604 -2.14741487762196
4.1908845998887845 -0.8670707011644903 -0.49818510533949056 4.1908845998887845 -2.130509204309716
4.197167785195964 -0.8701837546695256 -0.4927273415482917 4.197167785195964 -2.1135319342498056
4.203450970503144 -0.8732624548099204 -0.48725012572533194 4.203450970503144 -2.0964835704904856
4.209734155810323 -0.8763066800438636 -0.48175367410171527 4.209734155810323 -2.0793646188866757
4.216017341117503 -0.8793163101905564 -0.4762382036679387 4.216017341117503 -2.062175588079973
4.222300526424682 -0.8822912264349534 -0.47070393216533246 4.222300526424682 -2.0449169894785943
4.228583711731861 -0.8852313113324551 -0.4651510780774586 4.228583711731861 -2.027589337237163
4.2348668970390415 -0.8881364488135446 -0.45957986062148765 4.2348668970390415 -2.010193148236425
4.241150082346221 -0.8910065241883678 -0.4539904997395469 4.241150082346221 -1.9927289420628442
4.247433267653401 -0.8938414241512639 -0.44838321609003196 4.247433267653401 -1.9751972409880794
4.25371645296058 -0.8966410367852359 -0.4427582310389016 4.25371645296058 -1.9575985699483813
4.25999963826776 -0.8994052515663712 -0.4371157666509325 4.25999963826776 -1.9399334565238497
4.266282823574939 -0.9021339593682028 -0.4314560456809589 4.266282823574939 -1.9222024309176255
4.272566008882119 -0.9048270524660198 -0.42577929156507216 4.272566008882119 -1.9044060259349425
4.2788491941892985 -0.907484424541117 -0.42008572841180614 4.2788491941892985 -1.886544776962106
4.285132379496478 -0.9101059706849955 -0.41437558099328436 4.285132379496478 -1.8686192219453455
4.291415564803658 -0.9126915874035029 -0.4086490747363488 4.291415564803658 -1.8506299013695862
4.297698750110837 -0.9152411726209175 -0.4029064357136628 4.297698750110837 -1.8325773582371094
4.303981935418017 -0.9177546256839813 -0.3971478906347803 4.303981935418017 -1.8144621380461095
4.310265120725196 -0.9202318473658704 -0.3913736668372024 4.310265120725196 -1.7962847887691744
4.316548306032376 -0.922672739870115 -0.3855839922773961 4.316548306032376 -1.7780458608316274
4.322831491339555 -0.9250772068344577 -0.37977909552180183 4.322831491339555 -1.7597459070898291
4.329114676646735 -0.9274451533346612 -0.3739592057378007 4.329114676646735 -1.7413854828093136
4.335397861953914 -0.9297764858882511 -0.3681245526846786 4.335397861953914 -1.7229651456429078
4.341681047261094 -0.9320711124582108 -0.36227536670454585 4.341681047261094 -1.7044854556086828
4.347964232568273 -0.9343289424566118 -0.35641187871325125 4.347964232568273 -1.6859469750678708
4.354247417875453 -0.9365498867481923 -0.3505343201912591 4.354247417875453 -1.6673502687026414
4.3605306031826325 -0.938733857653874 -0.3446429231745175 4.3605306031826325 -1.64869590349383
4.366813788489812 -0.9408807689542251 -0.3387379202452922 4.366813788489812 -1.6299844486985382
4.373096973796992 -0.9429905358928643 -0.332819544522987 4.373096973796992 -1.6112164758276655
4.379380159104171 -0.9450630751798046 -0.3268880296549432 4.379380159104171 -1.592392558623355
4.385663344411351 -0.9470983049947442 -0.32094360980720976 4.385663344411351 -1.5735132730363288
4.39194652971853 -0.9490961449902944 -0.31498651965530544 4.39194652971853 -1.5545791972031666
4.39822971502571 -0.9510565162951535 -0.30901699437494756 4.39822971502571 -1.535590911423462
4.40451290033289 -0.9529793415172186 -0.3030352696327745 4.40451290033289 -1.516548998136936
4.41079608564007 -0.954864544746643 -0.297041581577035 4.41079608564007 -1.4974540419004216
4.417079270947249 -0.9567120515588303 -0.29103616682827227 4.417079270947249 -1.478306629364806
4.423362456254428 -0.9585217890173756 -0.28501926246997694 4.423362456254428 -1.459107349251854
4.429645641561608 -0.960293685676943 -0.2789911060392296 4.429645641561608 -1.4398567923309749
4.435928826868787 -0.9620276715860857 -0.27295193551732594 4.435928826868787 -1.4205555513959034
4.442212012175967 -0.9637236782900096 -0.2669019893203758 4.442212012175967 -1.4012042212412843
4.448495197483147 -0.9653816388332737 -0.26084150628989755 4.448495197483147 -1.3818033986392102
4.454778382790327 -0.967001487762435 -0.2547707256833823 4.454778382790327 -1.3623536823156348
4.461061568097506 -0.968583161128631 -0.2486898871648553 4.461061568097506 -1.3428556729267709
4.467344753404686 -0.9701265964901058 -0.24259923079540746 4.467344753404686 -1.3233099730353421
4.473627938711865 -0.9716317329146739 -0.2364989970237251 4.473627938711865 -1.303717187086824
4.479911124019044 -0.9730985109821264 -0.23038942667659137 4.479911124019044 -1.2840779213855615
4.486194309326224 -0.9745268727865771 -0.2242707609493815 4.486194309326224 -1.2643927840708407
4.492477494633404 -0.9759167619387472 -0.21814324139654323 4.492477494633404 -1.2446623850928868
4.498760679940584 -0.9772681235681934 -0.21200710992205485 4.498760679940584 -1.2248873361887682
4.505043865247763 -0.978580904325472 -0.2058626087698819 4.505043865247763 -1.2050682508582682
4.511327050554943 -0.9798550523842469 -0.1997099805144071 4.511327050554943 -1.18520574433964
4.517610235862122 -0.981090517443334 -0.19354946805086076 4.517610235862122 -1.1653004335853439
4.523893421169302 -0.9822872507286887 -0.18738131458572463 4.523893421169302 -1.145352937237663
4.5301766064764815 -0.9834452049953296 -0.18120576362713775 4.5301766064764815 -1.1253638756043105
4.5364597917836615 -0.9845643345292054 -0.17502305897527595 4.5364597917836615 -1.1053338706339142
4.542742977090841 -0.9856445951489979 -0.16883344471273415 4.542742977090841 -1.0852635458914852
4.54902616239802 -0.9866859442078679 -0.16263716519488428 4.54902616239802 -1.0651535265337797
4.5553093477052 -0.9876883405951377 -0.15643446504023104 4.5553093477052 -1.0450044392846345
4.561592533012379 -0.988651744737914 -0.15022558912075762 4.561592533012379 -1.0248169124102238
4.567875718319559 -0.9895761186026509 -0.14401078255225225 4.567875718319559 -1.004591575694242
4.5741589036267385 -0.9904614256966512 -0.13779029068463852 4.5741589036267385 -0.9843290604130641
4.580442088933919 -0.9913076310695066 -0.13156435909228248 4.580442088933919 -0.9640299993107972
4.586725274241098 -0.9921147013144778 -0.1253332335643046 4.586725274241098 -0.9436950265743302
4.593008459548278 -0.9928826045698137 -0.11909716009486959 4.593008459548278 -0.9233247778082672
4.599291644855457 -0.9936113105200084 -0.11285638487348193 4.599291644855457 -0.9029198900098607
4.605574830162636 -0.9943007903969988 -0.10661115427526055 4.605574830162636 -0.8824810015438476
4.611858015469816 -0.9949510169813002 -0.10036171485121503 4.611858015469816 -0.8620087521172493
4.6181412007769955 -0.99556196460308 -0.09410831331851485 4.6181412007769955 -0.8415037827541321
4.624424386084176 -0.9961336091431725 -0.08785119655074321 4.624424386084176 -0.8209667357702757
4.630707571391355 -0.9966659280340299 -0.08159061156815799 4.630707571391355 -0.8003982547478419
4.636990756698535 -0.9971589002606139 -0.07532680552793265 4.636990756698535 -0.7797989845099442
4.643273942005714 -0.9976125063612252 -0.06906002571440613 4.643273942005714 -0.7591695710952111
4.649557127312894 -0.9980267284282716 -0.06279051952931321 4.649557127312894 -0.7385106617322612
4.655840312620073 -0.998401550108975 -0.05651853448202474 4.655840312620073 -0.7178229048141742
4.662123497927253 -0.9987369566060175 -0.05024431817977017 4.662123497927253 -0.6971069498728739
4.668406683234433 -0.9990329346781247 -0.04396811831786501 4.668406683234433 -0.6763634475534932
4.674689868541612 -0.9992894726405892 -0.03769018266993504 4.674689868541612 -0.6555930495886968
4.680973053848792 -0.9995065603657316 -0.0314107590781283 4.680973053848792 -0.6347964087729321
4.687256239155971 -0.9996841892832999 -0.025130095443337875 4.687256239155971 -0.6139741789366813
4.693539424463151 -0.999822352380809 -0.018848439715408075 4.693539424463151 -0.5931270149206251
4.69982260977033 -0.9999210442038161 -0.012566039883352897 4.69982260977033 -0.5722555725498153
4.7061057950775105 -0.9999802608561371 -0.006283143965558744 4.7061057950775105 -0.5513605086077575
4.71238898038469 -1.0 -1.8369701987210297E-16 4.71238898038469 -0.5304424808105126
4.718672165691869 -0.9999802608561371 0.006283143965558377 4.718672165691869 -0.5095021477807022
4.724955350999049 -0.9999210442038161 0.012566039883352531 4.724955350999049 -0.48854016902152253
4.731238536306228 -0.999822352380809 0.018848439715407707 4.731238536306228 -0.4675572048907135
4.737521721613408 -0.9996841892832999 0.025130095443337507 4.737521721613408 -0.4465539165744725
4.743804906920587 -0.9995065603657316 0.03141075907812793 4.743804906920587 -0.42553096606136886
4.7500880922277675 -0.9992894726405892 0.03769018266993467 4.7500880922277675 -0.40448901611619403
4.756371277534947 -0.9990329346781247 0.043968118317864645 4.756371277534947 -0.38342873025381286
4.762654462842127 -0.9987369566060175 0.0502443181797698 4.762654462842127 -0.3623507727129507
4.768937648149306 -0.998401550108975 0.056518534482024374 4.768937648149306 -0.34125580842999303
4.775220833456485 -0.9980267284282716 0.06279051952931283 4.775220833456485 -0.320144503012711
4.781504018763665 -0.9976125063612252 0.06906002571440575 4.781504018763665 -0.29901752271399884
4.7877872040708445 -0.9971589002606139 0.07532680552793229 4.7877872040708445 -0.27787553440557433
4.7940703893780245 -0.9966659280340299 0.08159061156815761 4.7940703893780245 -0.2567192055516361
4.800353574685204 -0.9961336091431725 0.08785119655074285 4.800353574685204 -0.23554920418253422
4.806636759992384 -0.99556196460308 0.09410831331851449 4.806636759992384 -0.21436619886837338
4.812919945299563 -0.9949510169813002 0.10036171485121467 4.812919945299563 -0.1931708586926444
4.819203130606743 -0.9943007903969988 0.10661115427526019 4.819203130606743 -0.1719638532257859
4.825486315913922 -0.9936113105200084 0.11285638487348157 4.825486315913922 -0.15074585249877348
4.8317695012211015 -0.9928826045698137 0.11909716009486923 4.8317695012211015 -0.12951752697664753
4.838052686528282 -0.9921147013144779 0.12533323356430423 4.838052686528282 -0.10827954753205482
4.844335871835461 -0.9913076310695066 0.13156435909228212 4.844335871835461 -0.08703258541877013
4.850619057142641 -0.9904614256966512 0.13779029068463816 4.850619057142641 -0.06577731224517747
4.85690224244982 -0.989576118602651 0.14401078255225186 4.85690224244982 -0.04451439994777884
4.863185427757 -0.988651744737914 0.15022558912075726 4.863185427757 -0.02324452076464434
4.869468613064179 -0.9876883405951378 0.15643446504023067 4.869468613064179 -0.0019683472088960485
4.875751798371359 -0.986685944207868 0.16263716519488391 4.875751798371359 0.019313447957864938
4.882034983678539 -0.985644595148998 0.1688334447127338 4.882034983678539 0.04060019175209195
4.888318168985718 -0.9845643345292054 0.1750230589752756 4.888318168985718 0.061891210994887036
4.894601354292898 -0.9834452049953297 0.1812057636271374 4.894601354292898 0.0831858323385628
4.900884539600077 -0.9822872507286887 0.18738131458572427 4.900884539600077 0.1044833822932194
4.907167724907257 -0.9810905174433341 0.1935494680508604 4.907167724907257 0.1257831872533508
4.913450910214436 -0.9798550523842469 0.19970998051440675 4.913450910214436 0.14708457352441684
4.9197340955216164 -0.9785809043254721 0.20586260876988155 4.9197340955216164 0.16838686734946018
4.926017280828796 -0.9772681235681935 0.2120071099220545 4.926017280828796 0.18968939493568504
4.932300466135976 -0.9759167619387473 0.2181432413965429 4.932300466135976 0.2109914824810768
4.938583651443155 -0.9745268727865771 0.22427076094938114 4.938583651443155 0.23229245620098338
4.944866836750335 -0.9730985109821264 0.230389426676591 4.944866836750335 0.2535916423547335
4.951150022057514 -0.971631732914674 0.23649899702372473 4.951150022057514 0.2748883672722182
4.957433207364693 -0.9701265964901059 0.2425992307954071 4.957433207364693 0.29618195738049735
4.9637163926718735 -0.9685831611286311 0.24868988716485493 4.9637163926718735 0.31747173923039274
4.969999577979053 -0.9670014877624351 0.25477072568338194 4.969999577979053 0.33875703952305836
4.976282763286233 -0.9653816388332738 0.26084150628989716 4.976282763286233 0.3600371851365849
4.982565948593412 -0.9637236782900097 0.26690198932037545 4.982565948593412 0.3813115031525487
4.988849133900592 -0.9620276715860858 0.2729519355173256 4.988849133900592 0.40257932088260207
4.995132319207771 -0.9602936856769431 0.2789911060392292 4.995132319207771 0.4238399658950045
5.001415504514951 -0.9585217890173757 0.2850192624699766 5.001415504514951 0.44509276604119474
5.0076986898221305 -0.9567120515588304 0.29103616682827194 5.0076986898221305 0.4663370494823029
5.01398187512931 -0.9548645447466431 0.29704158157703464 5.01398187512931 0.4875721447156893
5.02026506043649 -0.9529793415172187 0.30303526963277416 5.02026506043649 0.5087973806014534
5.026548245743669 -0.9510565162951536 0.30901699437494723 5.026548245743669 0.5300120863889131
5.032831431050849 -0.9490961449902945 0.3149865196553051 5.032831431050849 0.5512155917431087
5.039114616358028 -0.9470983049947443 0.32094360980720943 5.039114616358028 0.5724072267712432
5.045397801665208 -0.9450630751798047 0.32688802965494285 5.045397801665208 0.5935863220491511
5.0516809869723875 -0.9429905358928644 0.3328195445229867 5.0516809869723875 0.6147522086477037
5.057964172279568 -0.9408807689542253 0.33873792024529187 5.057964172279568 0.6359042181592387
5.064247357586747 -0.9387338576538741 0.34464292317451717 5.064247357586747 0.657041682723928
5.070530542893926 -0.9365498867481924 0.35053432019125874 5.070530542893926 0.6781639350561588
5.076813728201106 -0.9343289424566119 0.3564118787132509 5.076813728201106 0.6992703084708749
5.083096913508285 -0.9320711124582111 0.3622753667045455 5.083096913508285 0.7203601369098793
5.089380098815465 -0.9297764858882512 0.36812455268467825 5.089380098815465 0.7414327549681587
5.095663284122645 -0.9274451533346614 0.3739592057378004 5.095663284122645 0.7624874979201217
5.101946469429825 -0.9250772068344579 0.3797790955218015 5.101946469429825 0.7835237017458669
5.108229654737003 -0.9226727398701151 0.38558399227739576 5.108229654737003 0.8045407031573726
5.114512840044183 -0.9202318473658705 0.3913736668372021 5.114512840044183 0.8255378396247157
5.120796025351362 -0.9177546256839815 0.39714789063477995 5.120796025351362 0.8465144494021857
5.127079210658542 -0.9152411726209176 0.40290643571366247 5.127079210658542 0.867469871554448
5.1333623959657215 -0.9126915874035031 0.4086490747363485 5.1333623959657215 0.8884034459826022
5.139645581272902 -0.9101059706849958 0.41437558099328403 5.139645581272902 0.9093145134502758
5.145928766580081 -0.9074844245411171 0.4200857284118058 5.145928766580081 0.9302024156096182
5.15221195188726 -0.9048270524660199 0.4257792915650718 5.15221195188726 0.9510664950273151
5.15849513719444 -0.9021339593682031 0.43145604568095863 5.15849513719444 0.9719060952105321
5.164778322501619 -0.8994052515663714 0.43711576665093216 5.164778322501619 0.9927205606328253
5.171061507808799 -0.896641036785236 0.4427582310389013 5.171061507808799 1.0135092367600405
5.177344693115979 -0.8938414241512641 0.4483832160900316 5.177344693115979 1.0342714700761269
5.183627878423159 -0.891006524188368 0.45399049973954664 5.183627878423159 1.0550066081089633
5.189911063730338 -0.8881364488135448 0.4595798606214873 5.189911063730338 1.0757139994560938
5.196194249037518 -0.8852313113324553 0.46515107807745826 5.196194249037518 1.0963929938104635
5.202477434344697 -0.8822912264349535 0.47070393216533213 5.202477434344697 1.1170429419860715
5.208760619651876 -0.8793163101905567 0.47623820366793834 5.208760619651876 1.1376631959436194
5.215043804959056 -0.8763066800438638 0.48175367410171493 5.215043804959056 1.1582531088160843
5.221326990266236 -0.8732624548099205 0.48725012572533166 5.221326990266236 1.1788120349342512
5.227610175573416 -0.8701837546695258 0.49272734154829134 5.227610175573416 1.1993393298522173
5.233893360880595 -0.8670707011644904 0.4981851053394903 5.233893360880595 1.219834350372817
5.240176546187775 -0.8639234171928354 0.5036232016357607 5.240176546187775 1.240296454573032
5.246459731494954 -0.8607420270039439 0.5090414157503709 5.246459731494954 1.260725001829313
5.252742916802134 -0.8575266561936523 0.5144395337815064 5.252742916802134 1.2811193528428948
5.259026102109313 -0.8542774316992954 0.5198173426207091 5.259026102109313 1.3014788696650061
5.265309287416493 -0.8509944817946923 0.5251746299612949 5.265309287416493 1.321802915722083
5.271592472723673 -0.8476779360850835 0.5305111843067337 5.271592472723673 1.342090855840882
5.277875658030852 -0.8443279255020155 0.535826794978996 5.277875658030852 1.362342056273555
5.284158843338032 -0.8409445822981693 0.5411212521268757 5.284158843338032 1.382555884722684
5.290442028645211 -0.8375280400421421 0.5463943467342686 5.290442028645211 1.4027317103662211
5.296725213952391 -0.8340784336131712 0.5516458706284302 5.296725213952391 1.4228689038824158
5.3030083992595705 -0.8305958991958129 0.5568756164881876 5.3030083992595705 1.4429668374746383
5.3092915845667505 -0.8270805742745618 0.5620833778521306 5.3092915845667505 1.463024884896181
5.31557476987393 -0.8235325976284277 0.5672689491267562 5.31557476987393 1.4830424214749653
5.32185795518111 -0.8199521093254523 0.572432125594591 5.32185795518111 1.5030188241382225
5.328141140488289 -0.8163392507171842 0.5775727034222673 5.328141140488289 1.5229534714370692
5.334424325795468 -0.8126941644330944 0.5826904796685755 5.334424325795468 1.5428457435710596
5.340707511102648 -0.8090169943749476 0.5877852522924729 5.340707511102648 1.562695022412647
5.3469906964098275 -0.8053078857111223 0.5928568201610588 5.3469906964098275 1.58250069153158
5.353273881717008 -0.8015669848708766 0.5979049830575188 5.353273881717008 1.6022621362192528
5.359557067024187 -0.7977944395385713 0.6029295416890244 5.359557067024187 1.6219787435129542
5.365840252331367 -0.7939903986478354 0.6079302976946054 5.365840252331367 1.641649902220088
5.372123437638546 -0.7901550123756906 0.6129070536529762 5.372123437638546 1.6612750029422796
5.378406622945726 -0.7862884321366188 0.6178596130903344 5.378406622945726 1.6808534380994555
5.384689808252905 -0.7823908105765883 0.6227877804881122 5.384689808252905 1.700384601953807
5.3909729935600845 -0.7784623015670238 0.6276913612906999 5.3909729935600845 1.719867890633725
5.397256178867265 -0.7745030601987339 0.6325701619131243 5.397256178867265 1.7393027021576302
5.403539364174444 -0.7705132427757896 0.6374239897486893 5.403539364174444 1.7586884364577284
5.409822549481624 -0.7664930068093498 0.6422526531765843 5.409822549481624 1.7780244954037234
5.416105734788803 -0.7624425110114481 0.647055961569444 5.416105734788803 1.797310282826405
5.422388920095983 -0.7583619152887218 0.6518337253008788 5.422388920095983 1.8165452045412072
5.428672105403162 -0.754251380736104 0.6565857557529562 5.428672105403162 1.8357286683716445
5.4349552907103424 -0.7501110696304595 0.6613118653236519 5.4349552907103424 1.8548600841727114
5.441238476017522 -0.7459411454241823 0.6660118674342514 5.441238476017522 1.8739388638541596
5.447521661324701 -0.7417417727387396 0.6706855765367196 5.447521661324701 1.8929644214037313
5.453804846631881 -0.737513117358174 0.6753328081210244 5.453804846631881 1.9119361729102882
5.46008803193906 -0.7332553462225604 0.6799533787224188 5.46008803193906 1.9308535365868535
5.46637121724624 -0.7289686274214116 0.6845471059286886 5.46637121724624 1.9497159327936011
5.472654402553419 -0.7246531301870469 0.6891138083873481 5.472654402553419 1.9685227840607142
5.4789375878605995 -0.7203090248879068 0.693653305812805 5.4789375878605995 1.9872735151112069
5.485220773167779 -0.7159364830218313 0.6981654189934724 5.485220773167779 2.0059675528836114
5.491503958474959 -0.7115356772092852 0.7026499697988493 5.491503958474959 2.024604326554626
5.497787143782138 -0.7071067811865477 0.7071067811865474 5.497787143782138 2.0431832675616253
5.504070329089317 -0.7026499697988496 0.7115356772092849 5.504070329089317 2.0617038096251266
5.510353514396497 -0.6981654189934727 0.7159364830218311 5.510353514396497 2.0801653887711398
5.516636699703676 -0.6936533058128054 0.7203090248879066 5.516636699703676 2.098567443353418
5.5229198850108565 -0.6891138083873485 0.7246531301870467 5.5229198850108565 2.1169094140756552
5.529203070318036 -0.684547105928689 0.7289686274214112 5.529203070318036 2.1351907440135434
5.535486255625216 -0.6799533787224191 0.7332553462225602 5.535486255625216 2.153410878636778
5.541769440932395 -0.6753328081210247 0.7375131173581737 5.541769440932395 2.1715692658309305
5.548052626239575 -0.6706855765367199 0.7417417727387393 5.548052626239575 2.1896653559192645
5.554335811546754 -0.6660118674342518 0.745941145424182 5.554335811546754 2.207698601684419
5.5606189968539335 -0.6613118653236523 0.7501110696304591 5.5606189968539335 2.2256684583900244
5.5669021821611135 -0.6565857557529565 0.7542513807361038 5.5669021821611135 2.243574383802205
5.573185367468293 -0.6518337253008791 0.7583619152887215 5.573185367468293 2.261415838210973
5.579468552775473 -0.6470559615694443 0.7624425110114479 5.579468552775473 2.2791922844515566
5.585751738082652 -0.6422526531765846 0.7664930068093496 5.585751738082652 2.296903187925586
5.592034923389832 -0.6374239897486896 0.7705132427757894 5.592034923389832 2.3145480166222168
5.598318108697011 -0.6325701619131247 0.7745030601987336 5.598318108697011 2.3321262411391124
5.604601294004191 -0.6276913612907002 0.7784623015670236 5.604601294004191 2.349637334703368
5.610884479311371 -0.6227877804881126 0.782390810576588 5.610884479311371 2.367080773192282
5.61716766461855 -0.6178596130903348 0.7862884321366186 5.61716766461855 2.384456035154066
5.62345084992573 -0.6129070536529765 0.7901550123756903 5.62345084992573 2.401762601828427
5.629734035232909 -0.6079302976946057 0.793990398647835 5.629734035232909 2.418999957167033
5.636017220540089 -0.6029295416890247 0.797794439538571 5.636017220540089 2.436167587853911
5.642300405847268 -0.5979049830575192 0.8015669848708764 5.642300405847268 2.453264983325686
5.648583591154448 -0.5928568201610591 0.805307885711122 5.648583591154448 2.4702916357917584
5.654866776461628 -0.5877852522924734 0.8090169943749473 5.654866776461628 2.487247040254332
5.661149961768808 -0.5826904796685758 0.8126941644330941 5.661149961768808 2.504130694528369
5.667433147075987 -0.5775727034222677 0.8163392507171838 5.667433147075987 2.520942099261399
5.673716332383166 -0.5724321255945913 0.819952109325452 5.673716332383166 2.5376807579532437
5.679999517690346 -0.5672689491267565 0.8235325976284275 5.679999517690346 2.554346176975615
5.686282702997525 -0.5620833778521309 0.8270805742745616 5.686282702997525 2.570937865591595
5.6925658883047054 -0.556875616488188 0.8305958991958127 5.6925658883047054 2.5874553359750263
5.698849073611885 -0.5516458706284305 0.834078433613171 5.698849073611885 2.6038981032297497
5.705132258919065 -0.5463943467342689 0.8375280400421419 5.705132258919065 2.6202656854087656
5.711415444226244 -0.541121252126876 0.840944582298169 5.711415444226244 2.6365576035332454
5.717698629533424 -0.5358267949789963 0.8443279255020152 5.717698629533424 2.6527733816114565
5.723981814840603 -0.5305111843067342 0.8476779360850832 5.723981814840603 2.668912546657535
5.730265000147783 -0.5251746299612954 0.8509944817946921 5.730265000147783 2.684974628710178
5.7365481854549625 -0.5198173426207094 0.8542774316992952 5.7365481854549625 2.7009591608511783
5.742831370762142 -0.5144395337815068 0.8575266561936521 5.742831370762142 2.716865679223873
5.749114556069322 -0.5090414157503712 0.8607420270039438 5.749114556069322 2.7326937230514488
5.755397741376501 -0.503623201635761 0.8639234171928352 5.755397741376501 2.7484428346551266
5.761680926683681 -0.4981851053394906 0.8670707011644901 5.761680926683681 2.764112559472246
5.76796411199086 -0.4927273415482917 0.8701837546695256 5.76796411199086 2.7797024460741917
5.77424729729804 -0.487250125725332 0.8732624548099204 5.77424729729804 2.7952120461842322
5.7805304826052195 -0.4817536741017153 0.8763066800438636 5.7805304826052195 2.8106409146952016
5.7868136679124 -0.47623820366793873 0.8793163101905564 5.7868136679124 2.8259886096870876
5.793096853219579 -0.4707039321653325 0.8822912264349533 5.793096853219579 2.8412546924444615
5.799380038526758 -0.46515107807745865 0.885231311332455 5.799380038526758 2.8564387274738112
5.805663223833938 -0.4595798606214877 0.8881364488135446 5.805663223833938 2.871540282520729
5.811946409141117 -0.45399049973954697 0.8910065241883678 5.811946409141117 2.8865589285869695
5.818229594448297 -0.448383216090032 0.8938414241512639 5.818229594448297 2.9014942399473997
5.8245127797554765 -0.44275823103890166 0.8966410367852358 5.8245127797554765 2.9163457941667903
5.830795965062657 -0.43711576665093255 0.8994052515663712 5.830795965062657 2.931113172116509
5.837079150369836 -0.43145604568095897 0.9021339593682028 5.837079150369836 2.9457959579910495
5.843362335677016 -0.4257792915650722 0.9048270524660197 5.843362335677016 2.960393739324464
5.849645520984195 -0.4200857284118062 0.907484424541117 5.849645520984195 2.9749061070066323
5.855928706291374 -0.4143755809932844 0.9101059706849955 5.855928706291374 2.989332655299421
5.862211891598554 -0.40864907473634887 0.9126915874035029 5.862211891598554 3.003672981852703
5.868495076905734 -0.40290643571366286 0.9152411726209175 5.868495076905734 3.01792668772023
5.874778262212914 -0.39714789063478034 0.9177546256839813 5.874778262212914 3.0320933773753986
5.881061447520093 -0.3913736668372025 0.9202318473658703 5.881061447520093 3.0461726587268476
5.887344632827273 -0.38558399227739615 0.922672739870115 5.887344632827273 3.0601641431339557
5.893627818134451 -0.3797790955218019 0.9250772068344577 5.893627818134451 3.0740674454221635
5.899911003441631 -0.3739592057378008 0.9274451533346612 5.899911003441631 3.087882183898204
5.9061941887488105 -0.3681245526846787 0.9297764858882511 5.9061941887488105 3.1016079803651455
5.912477374055991 -0.3622753667045459 0.9320711124582108 5.912477374055991 3.1152444601373426
5.91876055936317 -0.3564118787132513 0.9343289424566118 5.91876055936317 3.1287912520552146
5.92504374467035 -0.3505343201912592 0.9365498867481923 5.92504374467035 3.1422479884999084
5.931326929977529 -0.34464292317451756 0.9387338576538738 5.931326929977529 3.1556143054078016
5.937610115284708 -0.33873792024529226 0.9408807689542251 5.937610115284708 3.1688898422848863
5.943893300591888 -0.33281954452298707 0.9429905358928643 5.943893300591888 3.182074242220993
5.950176485899068 -0.3268880296549433 0.9450630751798046 5.950176485899068 3.195167151903876
5.956459671206248 -0.3209436098072098 0.9470983049947441 5.956459671206248 3.20816822163318
5.962742856513427 -0.3149865196553055 0.9490961449902944 5.962742856513427 3.2210771053342215
5.969026041820607 -0.3090169943749476 0.9510565162951535 5.969026041820607 3.2338934605716734
5.975309227127786 -0.30303526963277455 0.9529793415172186 5.975309227127786 3.246616948563067
5.981592412434966 -0.29704158157703503 0.954864544746643 5.981592412434966 3.25924723419218
5.987875597742145 -0.2910361668282723 0.9567120515588303 5.987875597742145 3.271783986022252
5.994158783049325 -0.285019262469977 0.9585217890173756 5.994158783049325 3.284226876309082
6.000441968356505 -0.27899110603922966 0.960293685676943 6.000441968356505 3.296575581013964
6.006725153663684 -0.272951935517326 0.9620276715860857 6.006725153663684 3.3088297798164708
6.013008338970864 -0.26690198932037584 0.9637236782900096 6.013008338970864 3.320989156127113
6.019291524278043 -0.2608415062898976 0.9653816388332737 6.019291524278043 3.333053397099824
6.025574709585223 -0.2547707256833824 0.967001487762435 6.025574709585223 3.3450221936443265
6.031857894892402 -0.24868988716485535 0.968583161128631 6.031857894892402 3.3568952404383157
6.0381410801995825 -0.24259923079540752 0.9701265964901058 6.0381410801995825 3.368672235939531
6.044424265506762 -0.23649899702372515 0.9716317329146739 6.044424265506762 3.380352882397648
6.050707450813941 -0.23038942667659143 0.9730985109821264 6.050707450813941 3.391936885866039
6.056990636121121 -0.22427076094938156 0.974526872786577 6.056990636121121 3.403423956213378
6.0632738214283 -0.2181432413965433 0.9759167619387472 6.0632738214283 3.4148138071350864
6.06955700673548 -0.2120071099220549 0.9772681235681934 6.06955700673548 3.4261061561646495
6.0758401920426595 -0.20586260876988197 0.978580904325472 6.0758401920426595 3.4373007246847553
6.0821233773498395 -0.1997099805144072 0.9798550523842469 6.0821233773498395 3.448397237938303
6.088406562657019 -0.19354946805086082 0.981090517443334 6.088406562657019 3.4593954250392396
6.094689747964199 -0.18738131458572468 0.9822872507286887 6.094689747964199 3.470295018983269
6.100972933271378 -0.1812057636271378 0.9834452049953296 6.100972933271378 3.481095756658374
6.107256118578558 -0.175023058975276 0.9845643345292054 6.107256118578558 3.491797378855223
6.113539303885737 -0.1688334447127342 0.9856445951489979 6.113539303885737 3.5023996302773868
6.1198224891929165 -0.16263716519488433 0.9866859442078679 6.1198224891929165 3.512902259551428
6.126105674500097 -0.15643446504023112 0.9876883405951377 6.126105674500097 3.523305019236823
6.132388859807276 -0.15022558912075767 0.988651744737914 6.132388859807276 3.533607665835721
6.138672045114456 -0.1440107825522523 0.9895761186026509 6.138672045114456 3.543809959802571
6.144955230421635 -0.13779029068463858 0.9904614256966512 6.144955230421635 3.5539116655535703
6.151238415728815 -0.13156435909228253 0.9913076310695066 6.151238415728815 3.5639125514759673
6.157521601035994 -0.12533323356430465 0.9921147013144778 6.157521601035994 3.5738123899372023
6.163804786343174 -0.11909716009486966 0.9928826045698137 6.163804786343174 3.583610957293901
6.170087971650354 -0.112856384873482 0.9936113105200084 6.170087971650354 3.5933080339006906
6.176371156957533 -0.10661115427526062 0.9943007903969988 6.176371156957533 3.602903404118888
6.182654342264713 -0.10036171485121509 0.9949510169813002 6.182654342264713 3.6123968563250015
6.188937527571892 -0.09410831331851491 0.99556196460308 6.188937527571892 3.6217881829190848
6.195220712879072 -0.08785119655074328 0.9961336091431725 6.195220712879072 3.631077180332942
6.201503898186251 -0.08159061156815804 0.9966659280340299 6.201503898186251 3.640263649038148
6.2077870834934314 -0.07532680552793272 0.9971589002606139 6.2077870834934314 3.649347393553949
6.214070268800611 -0.06906002571440618 0.9976125063612252 6.214070268800611 3.658328222454955
6.220353454107791 -0.06279051952931326 0.9980267284282716 6.220353454107791 3.667205948378713
6.22663663941497 -0.056518534482024804 0.998401550108975 6.22663663941497 3.6759803880330995
6.232919824722149 -0.05024431817977022 0.9987369566060175 6.232919824722149 3.684651362203554
6.239203010029329 -0.043968118317865075 0.9990329346781247 6.239203010029329 3.6932186957601587
6.245486195336508 -0.0376901826699351 0.9992894726405892 6.245486195336508 3.7016822176645467
6.2517693806436885 -0.03141075907812836 0.9995065603657316 6.2517693806436885 3.7100417609766594
6.258052565950868 -0.025130095443337937 0.9996841892832999 6.258052565950868 3.7182971628613344
6.264335751258048 -0.018848439715408137 0.999822352380809 6.264335751258048 3.7264482645947354
6.270618936565227 -0.01256603988335296 0.9999210442038161 6.270618936565227 3.7344949115706148
6.276902121872407 -0.006283143965558805 0.9999802608561371 6.276902121872407 3.742436953306425
